725 947
725 927
725 926
725 925
725 923
725 922
725 921
725 920
725 919
725 918
725 916
725 915
725 914
725 913
725 912
725 911
725 909
725 908
725 907
725 906
725 905
725 903
724 903
724 902
724 901
724 900
724 899
724 898
724 896
724 895
724 894
724 893
724 892
724 891
724 889
724 888
724 887
724 886
724 885
724 884
724 882
724 881
724 880
724 879
724 878
724 876
724 875
724 874
724 873
724 872
724 871
724 869
724 867
724 866
724 865
724 864
724 862
724 861
724 860
724 859
724 858
724 856
724 855
724 854
724 853
724 852
724 851
724 849
724 848
724 847
724 846
722 846
722 845
722 844
722 842
722 841
722 840
722 839
722 838
722 836
722 835
722 834
724 834
724 833
724 832
724 831
724 829
724 828
724 827
724 826
724 825
724 824
724 822
724 821
724 820
724 819
724 818
722 818
722 817
722 815
722 814
722 813
721 813
721 812
721 811
721 809
721 808
721 807
721 806
721 805
721 804
721 802
721 801
721 800
721 799
721 798
721 797
721 795
721 794
721 793
721 792
721 791
721 789
721 788
720 787
720 786
720 785
720 784
720 782
720 781
720 780
720 779
720 778
720 777
720 775
720 774
720 773
720 772
720 771
720 769
720 768
720 767
720 766
720 765
720 764
720 762
720 761
720 760
720 759
720 758
720 757
720 755
721 754
721 753
721 752
721 751
721 750
721 748
721 747
721 746
721 745
721 744
721 742
721 741
721 740
721 739
721 738
721 737
721 735
721 734
722 734
722 733
724 732
724 731
724 730
724 728
724 727
722 727
722 726
722 725
722 724
722 722
722 721
722 720
722 719
722 718
721 717
721 715
721 714
721 713
721 712
721 711
721 710
721 708
721 707
721 706
721 705
721 704
721 702
721 701
721 700
721 699
721 698
721 697
721 695
721 694
721 693
721 692
721 691
721 690
721 688
721 687
721 686
721 685
721 684
721 682
722 682
722 681
724 680
724 679
724 678
724 677
724 675
724 674
724 673
724 672
724 671
724 670
724 668
724 667
724 666
724 665
724 664
722 663
722 661
722 660
722 659
722 658
722 657
722 655
722 654
722 653
722 652
722 651
722 650
722 648
722 647
721 646
721 645
721 644
721 643
721 641
721 640
721 639
721 638
721 637
721 635
721 634
721 633
721 632
721 631
721 630
721 628
721 627
721 626
721 625
721 624
721 623
721 621
721 620
721 619
721 618
721 617
721 615
722 614
722 613
721 612
721 611
721 610
721 608
721 607
721 606
721 605
721 604
721 603
721 601
721 600
721 599
721 598
721 597
721 596
721 594
721 593
721 592
721 591
721 590
721 588
721 587
721 585
721 584
721 583
721 581
721 580
721 579
721 578
721 577
721 576
721 574
721 573
721 572
721 571
721 570
721 568
721 567
722 566
722 565
722 564
722 563
722 561
722 560
722 559
722 558
722 557
721 557
721 556
721 554
721 552
721 551
720 550
720 548
720 547
720 546
720 544
720 543
720 541
720 540
720 539
720 538
720 537
721 536
721 534
721 533
721 532
721 531
721 530
721 528
721 527
721 526
721 525
721 524
721 523
721 521
721 520
721 519
721 518
721 517
721 516
721 514
721 513
721 512
721 510
721 509
721 507
721 506
721 505
721 504
721 503
721 501
721 500
721 499
721 498
721 497
721 496
721 494
721 493
721 492
721 491
721 490
721 489
721 486
721 485
721 484
721 483
721 481
721 480
721 479
721 477
721 476
722 474
722 472
722 470
722 467
722 466
722 465
722 463
721 461
721 460
721 459
721 458
721 457
721 456
721 454
721 453
722 452
722 451
722 450
722 449
724 449
724 447
724 446
724 445
724 444
724 443
724 442
724 440
724 438
724 437
724 436
724 434
724 433
724 432
724 430
724 429
724 427
724 426
724 425
724 424
724 423
724 420
724 419
724 418
724 417
724 416
724 414
724 413
724 412
724 411
724 410
724 409
724 407
724 406
724 405
724 404
724 403
724 402
724 400
724 399
724 397
724 396
724 394
724 393
724 392
724 391
724 390
724 389
724 387
724 386
724 385
724 383
724 382
724 380
722 379
722 378
722 377
722 376
722 375
722 373
722 372
722 371
722 369
722 367
722 366
722 365
722 364
722 363
724 362
724 360
724 359
724 358
724 357
724 355
724 353
724 352
724 349
724 347
724 346
724 345
724 344
724 343
724 342
724 340
724 339
724 338
724 337
724 336
724 335
724 333
724 332
724 331
724 330
724 329
724 327
724 326
724 325
724 324
722 323
722 322
722 320
721 320
721 319
721 318
721 317
721 316
721 315
721 313
721 312
721 311
721 310
721 309
721 307
721 306
721 305
721 304
721 303
721 302
721 300
721 299
721 298
721 297
721 296
721 295
721 293
721 291
721 290
721 289
721 288
721 286
721 285
721 284
721 283
721 282
721 277
721 276
721 275
721 273
721 272
721 271
722 270
722 269
722 268
722 266
722 265
722 264
722 263
722 262
722 260
721 259
721 258
721 257
721 256
722 255
722 253
722 252
722 251
722 250
722 249
722 246
722 245
722 244
722 243
722 242
724 242
724 240
724 239
724 238
724 237
724 236
724 235
724 233
724 232
724 231
724 230
724 229
724 228
724 226
724 225
724 224
724 223
724 222
724 221
724 218
724 217
724 216
724 215
725 213
725 212
725 211
725 210
725 209
725 208
725 206
725 205
725 204
725 203
724 202
724 201
724 199
724 198
724 197
724 196
724 195
724 193
724 192
725 192
725 190
725 189
725 188
725 186
725 185
725 184
725 183
725 182
725 181
725 179
726 178
726 177
726 176
726 175
726 173
726 172
726 171
726 170
726 169
726 166
726 165
726 164
726 162
726 161
726 159
726 158
726 157
726 156
726 155
726 153
726 152
726 151
726 150
726 148
726 145
726 144
726 143
726 142
725 141
725 139
725 138
725 137
725 136
725 135
725 134
725 132
725 131
725 130
725 129
725 128
725 126
725 125
725 124
726 123
726 122
726 121
726 119
726 118
726 117
725 116
725 115
725 114
725 112
725 111
725 110
725 109
725 108
725 105
725 104
725 103
725 102
725 101
724 101
724 99
724 98
725 97
725 96
725 95
725 94
725 92
725 91
725 90
725 89
725 88
725 86
725 85
725 84
725 83
725 82
725 83
725 84
726 84
726 85
727 85
728 86
728 89
728 90
730 91
730 92
730 94
730 95
730 96
731 97
731 98
731 99
731 101
731 102
731 103
731 104
731 105
731 106
731 108
732 108
732 109
732 110
733 111
733 112
733 114
734 115
734 116
734 117
734 118
734 119
735 121
735 122
735 123
735 124
735 125
735 126
735 128
737 129
737 130
737 131
737 132
738 132
738 134
738 136
738 137
738 138
738 141
739 141
739 142
739 143
739 144
739 145
740 146
740 148
740 149
740 150
740 151
740 152
740 153
740 155
740 156
740 157
741 157
741 158
741 159
741 161
741 162
742 162
742 164
742 165
742 166
742 168
742 169
742 170
742 171
742 172
744 172
744 173
744 175
744 176
744 178
745 178
745 179
745 181
745 182
745 183
745 184
745 185
745 186
745 188
745 189
745 190
745 191
745 192
745 193
745 195
745 196
745 197
746 198
746 199
747 201
747 202
747 203
748 204
748 206
748 208
748 209
748 210
748 211
748 212
748 213
748 215
748 216
748 217
748 218
748 221
748 223
748 225
748 226
750 228
750 230
750 231
750 232
750 233
750 235
751 235
751 236
751 237
751 238
752 239
752 240
752 242
752 243
752 244
752 245
752 246
752 249
752 250
752 251
752 252
752 253
752 255
752 256
752 257
752 258
753 259
753 260
753 263
753 264
753 265
753 266
753 268
753 269
754 270
754 271
754 272
754 273
754 275
754 276
754 278
754 279
754 289
754 291
754 292
755 293
755 296
755 297
754 302
754 303
754 304
754 305
754 306
754 307
754 310
754 311
754 312
754 313
754 315
754 316
754 317
755 318
755 319
755 320
755 322
755 324
757 324
757 325
757 326
755 329
755 330
755 331
755 333
755 335
755 336
755 338
755 339
755 340
755 343
755 344
755 345
755 346
757 347
757 349
757 350
757 351
757 352
757 353
757 355
757 356
757 357
757 358
757 359
757 360
757 362
757 363
757 364
757 366
757 367
757 369
757 370
757 371
757 372
757 373
757 375
757 376
758 377
758 378
758 379
758 380
758 382
758 383
758 384
758 385
758 386
758 387
758 389
758 390
758 391
758 392
758 394
758 397
758 398
758 399
758 402
758 404
758 406
758 409
758 410
758 411
758 412
758 413
758 414
758 416
758 418
758 419
758 420
758 422
758 423
758 424
758 425
758 427
758 429
758 430
758 431
758 432
758 433
758 434
758 436
758 437
758 438
758 439
758 442
758 443
758 444
758 445
758 446
758 447
758 449
758 450
758 451
758 453
758 454
758 457
758 458
758 459
758 460
758 461
758 463
758 464
758 465
758 466
758 467
758 470
758 471
758 472
758 473
758 474
758 476
758 477
758 479
758 480
758 484
758 485
758 486
758 489
758 490
758 491
758 492
758 493
758 496
758 497
758 498
758 499
759 501
759 503
759 505
759 507
759 509
759 512
759 513
759 517
759 518
759 519
759 521
758 523
758 524
758 525
758 526
758 527
758 528
758 531
758 532
758 533
758 534
758 536
758 537
758 538
758 540
757 541
757 543
757 545
757 546
757 548
757 550
757 551
757 552
758 554
758 557
758 558
757 564
757 565
757 566
757 567
757 570
757 571
755 573
755 574
755 576
755 577
755 578
755 579
755 580
755 581
755 583
755 584
755 585
755 587
755 588
754 590
754 591
754 592
754 593
754 594
754 596
754 597
754 598
754 599
753 601
753 603
753 604
753 606
753 607
753 608
753 610
753 611
753 612
753 613
753 614
753 615
753 617
753 618
753 620
753 621
753 623
753 624
753 625
752 627
752 630
752 631
752 632
752 633
752 634
752 635
752 637
752 639
752 640
752 643
752 644
752 645
752 646
752 648
752 650
752 651
752 653
752 654
752 655
752 658
752 659
752 660
752 663
752 664
752 665
752 666
752 667
752 668
752 670
752 672
752 673
752 674
752 677
752 678
751 679
751 680
751 681
751 682
750 682
750 684
750 686
750 687
750 688
750 690
750 691
750 697
750 698
750 700
750 702
750 704
750 705
750 706
750 707
748 710
748 712
748 713
748 714
748 717
748 719
748 720
747 722
747 724
747 725
747 726
747 727
747 730
747 731
747 732
747 733
747 734
746 738
746 739
745 742
745 744
745 745
745 750
744 752
744 754
745 757
745 758
745 759
745 761
745 762
744 764
744 765
744 766
744 767
744 768
744 769
742 771
742 772
742 773
742 775
742 777
742 779
742 780
742 782
742 784
742 785
742 786
742 787
742 788
742 789
741 791
741 793
741 794
740 795
740 797
740 798
740 799
739 800
739 802
739 804
739 805
739 807
739 808
739 809
739 811
739 813
739 814
739 815
739 817
739 818
739 819
738 820
738 822
738 824
738 825
738 827
738 828
737 829
737 831
737 832
735 834
735 835
735 838
735 839
735 840
735 841
735 842
735 844
735 845
735 846
735 847
735 848
735 849
735 851
734 852
734 853
734 854
734 855
734 856
733 858
733 859
733 860
733 861
733 862
733 864
732 865
732 866
732 867
732 868
732 869
732 871
732 872
732 873
732 874
732 875
732 876
732 879
732 880
731 881
731 884
731 886
731 888
731 889
731 891
731 893
731 894
731 896
731 898
731 899
731 900
731 901
731 902
730 902
730 903
730 905
730 906
730 907
730 911
728 913
728 914
728 915
727 915
726 916
726 918
726 919
725 920
725 921
725 922
724 923
724 925
724 926
724 927
724 928
724 929
724 931
722 931
