680 954
685 945
687 940
688 940
688 939
688 938
688 938
690 936
691 935
692 934
692 934
693 932
694 932
694 931
695 930
696 928
696 928
696 927
697 926
698 926
698 925
698 924
699 923
699 922
699 922
700 921
700 920
700 920
701 918
701 918
701 917
702 917
702 916
702 915
703 915
703 914
704 913
704 912
704 912
706 910
706 910
707 910
708 909
708 908
709 908
709 907
710 906
710 906
711 905
712 904
712 904
713 903
714 902
714 902
714 901
714 900
715 900
715 899
716 898
716 897
716 896
716 896
717 894
718 894
718 893
719 892
719 891
720 890
720 889
720 888
721 887
722 886
722 886
723 884
723 884
724 882
725 882
725 881
726 880
726 878
727 878
727 877
728 876
728 876
728 875
729 874
730 874
730 873
731 872
731 872
732 870
732 870
732 869
733 868
733 867
734 866
734 865
735 864
735 864
736 862
736 861
736 860
737 860
738 859
738 858
739 857
740 856
741 856
741 855
742 854
742 853
743 852
744 852
744 851
744 850
744 849
745 848
746 848
746 846
746 846
747 845
747 844
748 844
748 843
748 842
749 842
749 841
749 840
750 840
750 838
750 838
751 838
751 837
752 836
752 835
752 834
752 833
753 832
754 832
754 832
754 831
754 830
754 830
754 829
755 828
755 828
756 827
756 827
756 826
756 826
757 826
757 825
758 825
758 824
758 824
758 824
759 823
759 822
759 822
760 822
760 821
760 820
760 819
761 818
762 818
762 817
762 816
763 816
764 814
764 814
764 813
764 812
765 812
765 811
766 810
766 810
767 809
768 808
768 808
768 807
769 806
770 806
770 805
770 805
770 804
771 804
771 803
772 802
772 802
772 801
772 800
773 800
773 800
774 799
774 798
774 798
775 797
775 796
776 796
776 795
776 794
776 794
776 793
777 792
778 792
778 790
779 790
780 789
780 788
780 787
782 783
782 782
782 782
782 781
783 780
783 779
784 778
784 778
784 777
785 776
786 776
786 775
786 774
787 774
787 773
788 772
788 772
789 772
789 771
790 770
790 770
791 769
792 768
792 768
792 767
792 766
793 766
794 765
794 764
794 764
795 763
796 762
796 762
796 761
796 760
797 760
797 759
798 758
798 758
798 757
799 756
800 756
800 755
800 754
800 754
802 753
802 752
802 752
802 752
803 750
804 750
804 749
805 748
806 748
806 747
807 746
808 745
808 744
808 744
809 744
810 742
810 742
811 742
812 741
813 740
813 739
814 739
814 738
814 736
815 736
815 735
816 734
816 734
816 733
816 732
817 731
818 730
818 729
819 728
820 728
820 726
821 726
821 726
822 725
823 724
824 724
824 724
824 723
825 722
826 722
826 721
827 721
827 720
828 720
828 719
828 718
829 718
829 717
830 716
830 715
831 714
832 713
832 712
832 712
834 711
834 710
834 710
835 709
836 709
836 708
837 708
838 707
838 706
840 705
840 705
841 704
842 704
842 703
842 702
842 702
843 702
844 701
844 700
845 699
846 698
846 697
847 696
848 696
848 696
848 695
849 694
850 694
850 694
850 693
851 692
852 692
852 692
853 691
854 690
854 690
854 689
855 688
856 688
856 687
857 686
858 686
858 685
858 685
858 684
859 684
860 683
860 682
860 682
861 681
862 680
862 680
863 678
864 678
864 678
866 677
866 676
867 676
868 676
869 675
870 675
870 674
872 674
872 673
873 672
874 672
874 672
875 670
876 670
877 669
878 668
878 668
879 667
880 666
880 666
882 664
883 664
885 664
886 663
886 662
887 662
888 662
888 662
889 662
890 662
890 662
893 662
894 662
895 662
896 662
896 662
898 662
898 662
899 662
899 663
900 663
900 664
901 664
902 664
902 664
903 664
904 665
904 665
905 665
906 666
906 666
906 666
906 667
907 667
907 668
908 668
908 668
908 669
908 670
908 670
909 670
909 671
909 672
909 672
909 673
909 674
909 674
909 675
909 676
909 676
909 677
908 678
908 678
908 679
908 680
907 680
907 681
907 682
906 683
906 684
905 686
904 686
904 687
902 690
901 690
900 691
899 692
898 693
898 694
896 696
896 696
896 696
896 697
895 698
895 699
894 700
894 700
894 701
894 702
893 702
893 702
892 703
892 704
891 704
890 704
890 705
890 705
888 706
888 706
887 706
886 707
886 707
885 707
884 708
883 708
882 708
882 709
881 710
880 710
880 710
879 711
878 712
877 712
876 712
876 713
874 714
874 714
872 715
872 715
871 716
870 716
869 717
868 717
867 718
866 718
866 718
865 719
864 720
864 720
863 720
862 721
861 721
860 722
860 722
859 722
858 723
858 723
856 724
856 724
854 724
854 724
852 725
852 725
850 725
850 726
848 726
848 726
847 727
846 728
845 728
844 728
839 731
836 732
834 733
832 734
831 734
830 736
829 736
828 736
827 737
826 738
825 738
824 739
823 739
822 740
821 740
818 740
818 741
817 741
816 741
816 742
815 742
814 742
813 742
812 742
811 743
810 744
810 744
808 744
808 744
807 744
806 744
805 745
804 745
803 745
802 746
801 746
800 746
800 747
798 748
797 748
796 748
796 748
795 749
794 749
792 749
792 750
791 750
790 750
789 750
786 751
786 751
784 752
782 752
781 753
780 753
779 754
778 754
778 754
776 754
776 755
775 755
774 755
773 755
772 756
771 756
770 756
770 756
768 756
768 756
767 757
766 757
766 757
764 757
764 757
763 758
762 758
762 758
761 758
760 758
760 758
759 758
758 758
757 758
756 758
756 758
754 758
754 758
753 758
752 758
752 758
751 758
750 758
750 758
749 758
748 759
748 759
747 760
746 760
745 760
744 760
744 760
742 760
742 760
741 760
740 760
739 760
738 761
738 761
736 761
736 762
735 762
734 762
734 762
733 762
732 762
731 762
730 762
730 763
730 763
728 763
728 763
727 763
726 763
725 763
724 763
724 762
722 762
722 762
721 762
720 762
720 762
719 763
718 763
718 763
717 763
716 763
716 764
715 764
714 764
714 764
713 764
712 764
712 764
711 764
710 764
710 764
709 764
708 764
708 764
707 764
706 764
706 764
704 764
704 764
703 764
702 764
702 764
701 764
700 764
700 764
699 764
698 764
698 764
697 764
696 764
696 763
696 762
695 762
695 761
695 760
695 760
695 759
695 758
695 758
694 758
694 757
694 757
694 756
693 756
693 755
693 754
693 754
692 753
692 752
692 752
692 752
692 750
691 750
691 749
691 748
691 748
691 747
691 746
691 745
691 744
690 744
690 743
690 742
690 742
690 741
691 740
691 740
691 739
691 738
692 738
692 736
692 736
692 735
692 734
692 734
692 733
692 732
692 732
692 731
692 730
692 729
692 728
692 728
692 727
692 726
691 726
691 725
691 724
691 724
691 723
691 722
691 721
691 720
691 720
691 718
691 718
690 717
690 716
690 715
690 714
690 714
690 712
690 712
690 711
690 710
690 709
690 708
690 708
690 707
690 706
690 706
690 705
690 704
690 704
690 702
690 702
690 701
690 700
690 700
689 699
689 698
689 697
689 696
690 696
690 695
690 694
690 694
690 693
690 692
690 692
690 691
689 690
688 689
688 688
688 688
688 687
688 686
687 686
687 685
687 684
687 684
687 683
687 680
687 680
687 679
687 678
687 678
687 677
687 676
687 676
687 675
687 674
688 674
688 673
688 672
688 672
688 670
688 669
688 668
688 666
688 664
688 663
688 662
688 660
688 659
688 658
688 656
688 656
688 654
688 653
688 652
688 650
688 649
688 648
688 647
688 646
688 645
688 644
688 643
688 642
688 641
688 640
688 640
688 639
688 638
688 638
688 637
688 636
688 635
688 634
688 634
688 633
688 632
688 632
688 630
688 630
688 629
688 628
688 627
688 626
688 626
688 625
688 624
688 624
688 622
687 622
687 621
687 620
687 620
687 618
687 618
687 616
687 616
687 614
687 614
687 612
687 612
687 610
688 610
688 609
688 608
688 608
688 607
688 606
688 606
688 605
688 604
688 603
688 601
688 600
688 600
688 598
688 597
688 596
688 595
688 594
688 593
688 592
688 592
688 591
688 590
688 590
688 589
688 588
688 587
688 586
688 585
688 584
688 584
688 582
688 582
688 581
687 580
687 579
687 578
687 578
687 577
687 576
687 576
687 574
687 574
687 573
687 572
687 571
687 570
687 569
687 568
687 567
688 566
688 565
688 564
688 563
688 562
688 561
688 560
688 560
688 559
689 558
689 558
689 557
690 556
690 555
690 554
690 553
690 552
690 552
690 550
690 550
690 549
689 548
689 547
689 546
689 545
688 544
688 544
688 543
689 542
689 542
689 541
689 540
689 539
689 536
689 535
689 534
689 533
689 532
688 531
688 530
688 529
688 528
688 528
688 526
688 526
688 525
688 524
688 523
688 522
688 522
688 520
688 520
688 518
688 518
688 517
688 516
688 515
688 514
688 514
688 512
688 512
688 511
688 510
688 510
688 509
689 508
689 507
689 506
688 505
688 504
688 504
688 503
688 502
688 502
688 501
688 500
688 499
688 498
688 497
688 496
688 496
688 494
688 494
688 493
688 492
688 492
688 491
688 490
688 490
688 489
688 488
687 488
687 486
687 486
687 485
687 484
687 484
686 483
686 482
686 480
687 480
687 478
687 478
687 477
687 476
687 476
687 475
687 474
687 473
687 472
687 472
687 470
687 470
687 469
687 468
687 467
687 466
687 465
687 464
687 463
687 462
687 461
687 460
687 460
687 459
687 458
687 457
687 456
687 456
687 455
687 454
687 453
687 452
687 452
687 450
687 450
687 448
687 448
687 446
687 446
687 445
687 444
687 443
687 442
687 442
687 441
687 439
687 438
687 437
687 436
687 435
687 434
687 433
686 432
686 431
686 430
686 429
686 428
686 427
686 426
686 426
686 424
686 424
686 422
686 422
686 421
686 420
686 419
686 418
686 417
686 416
686 415
686 414
686 413
686 412
686 411
687 410
687 410
687 409
687 408
687 408
687 406
688 406
688 405
688 404
688 403
688 402
688 401
688 400
688 400
688 398
688 398
688 397
688 396
688 395
688 394
688 394
688 393
688 392
688 392
688 391
688 390
687 390
687 389
687 388
687 388
687 387
686 386
686 382
686 382
686 380
686 380
686 379
686 378
686 377
686 376
686 376
686 375
686 374
685 374
685 373
685 372
685 371
685 370
685 369
685 368
685 368
685 366
685 365
685 364
685 363
685 362
685 361
685 360
685 360
685 359
685 358
685 358
685 357
685 356
685 355
686 354
686 353
686 352
686 352
686 350
686 350
686 349
686 348
686 347
686 346
686 345
686 344
686 344
686 342
686 342
686 341
686 340
686 340
686 338
686 338
686 336
686 336
686 335
686 334
686 333
686 332
686 331
686 330
686 329
686 328
686 327
686 326
686 326
686 325
686 324
686 323
686 322
686 321
686 320
686 319
686 318
686 317
686 316
686 314
686 313
686 312
686 312
686 310
686 310
686 308
686 308
686 306
686 305
686 304
686 303
686 302
686 301
686 300
686 299
685 298
685 297
685 296
685 294
685 294
685 292
685 292
685 291
685 290
684 289
684 288
684 286
684 286
684 285
684 284
684 283
684 282
684 280
684 280
684 278
684 278
684 277
684 276
684 276
684 274
683 274
683 273
683 272
683 271
683 270
683 269
683 268
683 267
683 266
683 264
683 264
683 263
683 262
683 262
683 260
682 260
682 259
682 258
682 257
682 256
682 256
682 254
682 254
682 253
682 252
681 250
681 249
681 248
681 247
681 246
681 245
681 244
681 244
681 243
681 242
681 241
681 240
681 238
681 238
681 237
681 236
681 235
681 234
681 233
681 232
681 230
682 230
682 229
682 228
682 227
682 226
682 226
682 225
682 224
682 224
682 222
682 222
682 221
682 220
682 219
682 218
683 217
683 216
683 216
683 214
683 214
683 213
683 212
683 211
683 208
683 206
683 206
683 205
683 204
683 204
683 203
683 202
683 201
683 200
683 200
683 198
683 198
683 197
683 196
683 195
683 194
683 194
683 193
683 192
683 192
683 190
683 190
683 189
683 188
683 187
683 186
683 185
683 184
683 183
683 182
683 181
684 180
684 179
684 178
684 178
684 177
684 176
684 176
684 175
684 174
684 174
684 173
684 172
684 171
684 170
684 169
684 168
684 168
684 167
684 166
684 165
684 164
684 163
684 162
684 162
684 161
684 160
684 160
684 158
683 158
683 157
683 156
683 156
683 155
683 154
683 153
683 152
683 152
683 151
683 150
683 149
683 148
683 148
683 147
683 146
683 145
683 144
683 144
683 143
683 142
683 142
682 141
682 140
682 139
682 138
682 138
682 137
682 136
682 135
682 134
682 133
682 132
682 131
682 130
682 129
682 128
682 128
682 127
682 126
682 126
682 125
682 124
682 124
682 123
682 122
681 121
681 120
681 120
681 118
681 118
681 117
681 116
681 115
681 114
681 113
681 112
681 112
681 110
681 110
681 109
681 108
681 108
681 107
681 106
681 106
681 105
681 104
681 104
681 102
681 102
681 101
681 100
681 99
681 98
681 98
681 97
681 96
681 96
681 95
681 94
681 94
681 93
680 92
680 92
680 91
680 90
680 89
680 88
680 88
680 87
680 86
680 86
680 85
680 83
680 82
680 82
680 81
679 81
679 80
679 80
679 79
678 79
678 78
678 78
678 78
678 77
677 77
677 78
677 78
677 80
677 80
677 81
677 82
677 82
677 83
677 84
676 85
676 86
676 86
677 87
677 88
677 88
677 89
677 90
677 90
677 91
677 92
677 92
677 93
676 93
676 94
676 94
676 96
675 96
675 97
675 98
675 99
675 100
675 100
675 101
675 102
675 102
675 104
675 104
675 105
675 106
675 106
675 107
675 108
675 109
675 110
675 110
675 112
675 112
675 113
675 114
675 115
675 116
675 117
675 118
675 118
675 120
675 120
675 121
675 122
675 123
675 124
675 124
675 125
675 126
675 126
675 127
675 128
675 128
675 129
675 130
675 131
675 132
675 133
675 134
675 134
675 136
676 136
676 137
676 138
676 139
676 140
676 141
676 142
676 142
676 143
676 144
676 144
676 145
677 146
677 147
677 148
677 149
676 150
676 150
676 152
676 152
676 154
676 154
676 156
676 156
677 157
677 158
677 158
677 159
677 160
677 160
677 161
677 162
677 163
677 164
677 165
677 166
677 166
677 167
677 168
677 169
677 170
677 171
678 172
678 173
678 174
678 175
678 176
678 176
678 177
678 178
678 179
678 182
678 184
678 184
678 186
678 186
678 188
678 189
678 190
678 190
678 192
678 192
678 193
678 194
678 195
678 196
678 198
677 199
677 200
677 201
677 202
677 204
677 205
677 206
677 208
677 208
677 210
677 211
677 213
677 214
677 216
677 216
677 218
676 219
676 222
676 223
676 224
676 226
676 227
676 228
676 230
676 232
676 234
676 235
676 236
676 237
676 238
676 240
676 240
676 241
676 242
676 244
676 245
676 246
676 248
676 248
676 250
676 251
677 252
677 253
677 254
677 255
677 256
677 257
677 258
677 259
677 260
677 262
677 262
677 264
678 265
678 266
678 267
678 268
678 269
678 270
678 270
678 272
678 272
678 273
678 274
678 275
678 276
678 277
678 278
678 278
678 280
679 280
679 281
679 282
679 283
679 284
679 285
679 286
679 286
679 288
679 288
679 289
679 290
679 291
679 292
679 292
679 293
679 294
679 294
679 295
679 296
679 296
679 297
678 298
678 299
678 300
678 301
678 302
678 302
678 303
678 304
678 305
678 306
678 306
678 307
678 308
678 309
677 310
677 310
677 311
677 312
677 313
677 314
677 316
677 317
677 318
677 318
677 320
677 320
677 321
677 322
677 323
676 323
676 324
676 325
676 326
676 326
676 327
676 328
676 328
676 329
676 330
676 331
675 332
675 332
675 333
675 334
675 334
675 335
674 336
674 336
674 337
674 338
674 339
674 340
674 340
674 341
674 342
674 342
674 343
674 344
674 344
674 345
674 346
674 347
673 348
673 348
673 349
673 350
673 350
673 352
673 353
673 354
673 355
673 356
673 357
672 358
672 358
672 360
672 360
672 362
672 362
672 363
672 364
672 365
672 366
672 366
672 367
672 368
672 369
672 370
672 370
672 371
672 372
672 373
672 374
672 375
672 376
672 376
672 378
672 378
672 380
672 380
672 381
672 382
672 382
672 384
672 384
672 385
672 386
672 386
672 387
672 388
672 389
672 390
672 390
672 391
672 392
672 392
672 393
672 394
672 395
672 396
672 396
672 397
672 398
672 398
672 400
672 400
672 401
672 402
672 402
672 403
672 404
672 404
672 405
672 406
672 406
672 407
672 408
672 408
672 409
672 410
672 411
672 413
672 414
672 415
672 416
672 417
672 418
672 418
672 419
672 420
672 420
672 421
672 422
672 422
672 423
672 424
672 424
672 425
672 426
672 427
672 428
672 429
672 430
672 430
672 431
672 432
672 432
672 433
672 434
673 435
673 436
673 437
673 438
673 438
673 439
673 440
674 442
674 442
674 443
674 444
674 445
674 446
674 446
674 447
674 448
674 448
674 449
674 450
674 450
674 451
674 452
674 453
674 454
674 454
674 456
674 456
674 458
674 458
675 460
675 461
675 462
675 462
675 464
675 464
675 465
675 466
675 467
674 468
674 468
674 469
674 470
674 471
674 472
674 472
674 473
674 474
674 475
674 476
674 477
674 478
674 478
674 480
674 480
674 481
674 482
674 483
674 484
674 484
674 485
674 486
674 486
674 488
674 488
674 489
674 490
674 493
674 494
674 494
674 495
674 496
674 496
674 497
675 498
675 498
675 499
675 500
675 500
675 501
675 502
675 502
675 504
675 504
675 505
675 506
675 506
675 507
675 508
676 509
676 510
676 510
676 511
676 512
676 512
676 513
676 514
676 515
676 516
676 517
676 518
676 518
676 520
676 520
675 521
675 522
675 524
675 524
675 525
675 526
674 527
674 528
674 528
674 530
674 531
674 532
674 532
674 534
674 534
674 535
674 536
674 537
674 538
674 539
674 540
674 540
674 541
674 542
674 543
674 544
674 545
674 546
674 546
674 548
674 549
674 550
674 550
673 551
673 552
673 552
672 553
672 554
672 555
672 556
672 557
672 558
672 558
672 560
672 560
672 561
672 562
672 563
672 564
672 564
672 565
672 566
672 566
672 568
672 568
672 569
672 570
672 570
672 571
672 572
672 573
672 574
672 574
672 576
672 576
672 577
672 578
672 578
672 579
672 580
672 581
672 582
672 582
673 583
673 584
673 584
673 586
673 586
673 587
673 588
673 589
673 590
673 590
673 592
673 593
673 594
673 595
673 596
673 598
673 598
674 600
674 600
674 602
674 603
674 604
674 605
674 606
674 606
674 607
674 608
674 609
674 610
674 611
674 612
674 613
674 614
674 614
674 616
674 616
674 617
674 618
674 619
674 620
674 621
674 622
674 622
674 623
674 624
674 625
674 626
674 626
674 628
674 628
674 630
674 630
674 631
674 636
674 636
674 638
674 639
674 640
674 641
674 642
674 644
674 646
674 646
674 650
674 650
674 651
674 652
674 653
674 654
674 654
674 656
674 657
674 658
674 658
674 659
674 662
674 664
674 666
674 668
674 670
674 670
674 672
674 674
674 674
674 675
674 676
674 678
674 678
674 680
674 680
674 682
674 683
674 684
674 685
674 686
674 686
674 688
674 688
674 689
674 690
674 691
674 694
674 696
674 697
674 698
674 699
674 700
674 701
674 702
674 704
674 704
674 705
674 707
674 708
674 710
674 711
674 712
674 715
674 716
674 717
674 718
673 719
673 720
673 721
673 722
673 722
673 724
673 724
673 726
673 728
673 729
673 730
673 731
673 733
673 734
673 736
673 738
673 739
673 740
673 742
673 742
673 744
673 745
673 747
673 748
673 749
673 750
673 752
673 752
673 753
673 754
673 755
673 756
673 758
673 758
673 760
674 760
674 762
674 763
674 764
674 765
674 766
674 766
674 768
674 769
674 770
674 772
674 773
674 774
674 776
674 776
674 778
674 779
674 780
674 781
674 782
674 783
674 784
674 785
674 786
674 788
674 789
674 790
674 791
674 792
674 793
674 794
674 795
674 796
674 797
674 798
674 799
674 801
674 802
674 803
674 804
674 806
674 810
674 812
674 813
674 814
674 815
674 816
674 817
674 818
674 824
674 825
674 826
674 827
674 828
674 829
674 830
674 832
674 832
674 834
674 834
674 836
674 837
674 838
674 840
674 840
674 842
674 843
674 844
674 845
674 846
674 848
674 848
674 849
674 850
674 851
674 852
674 854
674 854
674 856
674 856
674 858
674 859
674 860
674 861
674 862
674 862
674 864
674 865
674 866
674 867
674 868
674 869
674 870
674 872
674 872
674 874
674 875
674 876
674 877
674 878
674 880
674 880
674 881
674 882
674 883
674 884
674 885
674 886
674 887
674 888
674 889
674 890
675 892
675 892
675 894
675 894
675 895
675 896
675 897
675 898
675 898
675 899
675 900
675 901
675 902
675 902
675 904
675 904
675 905
675 906
675 907
675 908
675 909
675 910
675 910
675 912
675 912
675 913
675 914
675 914
676 915
676 916
676 916
676 917
676 918
676 918
676 919
676 920
676 920
676 921
676 922
676 923
676 924
676 925
676 926
676 926
676 927
677 928
677 928
677 929
677 930
677 931
677 932
678 932
678 933
678 934
678 934
678 935
678 936
678 936
678 937
678 938
678 940
678 940
678 941
678 942
678 942
678 944
678 944
678 945
678 946
678 946
678 947
678 948
678 949
678 950
678 950
678 951
678 952
678 952
678 953
678 954
678 954
678 955
678 956
678 956
678 957
678 958
678 958
677 958
677 958
677 958
677 958
