652 950
652 940
653 937
653 936
653 936
653 935
653 934
653 934
653 933
653 932
653 931
653 930
653 929
653 928
653 927
653 926
653 926
653 925
653 924
653 924
653 923
653 922
653 922
653 921
654 920
654 920
654 919
654 918
654 918
654 917
654 916
654 916
654 915
654 913
654 912
654 912
654 911
654 910
654 908
654 908
654 907
655 906
655 905
655 904
656 904
656 903
656 902
656 902
656 901
656 900
656 900
656 899
656 898
656 897
656 896
657 896
657 895
657 894
657 894
657 893
657 892
657 892
657 891
657 890
658 889
658 888
658 888
658 887
658 886
658 886
658 885
658 884
658 883
658 882
659 881
659 880
659 879
659 878
659 878
659 876
659 876
660 875
660 874
660 874
660 873
660 872
660 871
660 870
660 870
660 869
660 868
661 868
661 867
661 866
661 866
661 865
661 864
661 864
661 863
661 862
662 862
662 861
662 860
662 860
662 859
662 858
662 858
662 857
662 856
662 855
662 854
662 854
662 853
662 852
662 851
662 850
663 850
663 849
663 848
663 848
664 847
664 846
664 846
664 844
664 844
664 843
664 842
664 842
665 841
665 840
665 839
666 838
666 837
666 836
666 836
666 834
667 834
667 833
667 832
667 832
668 830
668 830
668 828
668 827
669 826
669 826
669 825
669 824
669 823
670 822
670 822
670 820
670 819
670 819
670 817
670 816
671 815
671 814
671 814
672 813
672 812
672 812
672 811
672 810
672 809
672 808
672 807
672 806
672 806
673 806
673 804
673 804
673 803
673 802
673 802
674 800
674 799
674 798
674 798
674 796
674 796
674 795
674 794
674 794
674 793
674 792
674 791
674 790
674 790
675 789
675 788
675 788
675 787
675 786
675 785
676 784
676 783
676 782
676 782
676 780
676 780
676 779
676 778
676 778
676 777
677 776
677 775
677 774
677 774
678 772
678 772
678 771
678 770
678 770
678 768
679 768
680 767
680 766
680 765
680 764
680 764
680 763
680 762
680 761
681 760
681 760
682 758
682 758
682 756
682 756
683 755
683 754
683 754
683 753
684 752
684 751
684 750
684 750
684 749
684 748
685 748
685 747
685 746
685 746
686 745
686 744
686 743
686 742
686 742
687 740
688 739
688 738
688 738
688 737
688 736
688 736
688 735
689 734
689 734
689 733
689 732
689 732
689 731
690 730
690 729
690 728
690 728
690 727
690 726
690 725
690 724
690 724
691 723
691 722
691 722
691 721
692 720
692 720
692 719
692 718
692 718
693 717
693 716
693 716
693 715
694 714
694 713
694 712
694 712
694 711
694 710
695 710
696 708
696 708
696 707
696 706
696 705
697 704
698 704
698 702
699 702
699 700
700 700
700 699
700 698
700 698
701 697
701 696
701 696
702 695
702 694
702 693
702 692
702 692
703 691
704 690
704 689
704 688
704 688
704 687
705 686
705 686
705 684
705 684
706 683
706 682
706 682
706 681
706 680
706 680
706 679
708 675
708 674
708 673
708 672
709 672
709 671
710 670
710 670
710 668
710 668
711 667
712 666
712 665
712 664
712 663
712 662
713 662
714 661
714 660
715 659
715 658
716 657
716 656
718 654
718 654
718 653
719 652
720 652
720 651
720 650
720 649
721 648
721 647
721 646
721 646
722 645
722 644
722 643
722 642
722 642
723 641
723 640
724 639
724 638
724 638
725 637
726 636
726 636
726 635
727 634
728 634
728 633
728 632
729 632
730 631
730 630
731 630
731 629
732 628
732 628
733 627
734 626
734 625
736 624
736 623
736 622
737 622
737 621
738 620
738 620
738 619
739 618
739 618
740 617
740 616
740 615
741 615
741 614
742 614
742 613
742 612
742 612
743 611
744 610
744 610
744 609
744 608
745 607
745 606
746 606
746 606
746 605
747 604
748 604
748 604
748 604
749 603
749 602
750 602
751 600
752 600
752 599
752 598
753 598
753 597
754 596
754 596
754 595
755 594
755 593
756 592
757 591
758 590
758 590
758 589
760 588
760 588
760 587
762 587
762 586
763 585
764 584
765 584
766 582
766 582
767 581
768 580
768 580
769 579
769 578
770 577
770 576
771 575
772 574
772 574
773 573
774 572
774 572
776 571
776 570
777 570
778 569
778 568
779 568
780 567
781 566
782 566
782 565
782 564
784 564
784 564
784 563
785 562
785 562
786 561
786 561
786 560
787 560
787 559
788 558
788 558
789 558
790 557
790 556
791 556
792 556
792 556
793 555
794 555
794 554
795 554
796 554
796 554
797 554
798 553
798 553
799 553
800 552
800 552
801 551
802 550
802 550
803 550
804 550
804 549
804 548
805 548
806 548
806 547
808 547
808 546
809 546
810 546
810 545
811 545
814 543
815 543
816 542
816 542
817 542
818 542
818 541
818 541
819 540
820 540
820 540
820 540
821 540
822 540
822 540
824 539
824 539
825 539
826 539
827 539
828 539
828 539
829 539
830 539
830 539
832 539
832 539
833 539
834 539
834 539
835 539
836 539
836 539
837 539
837 540
838 540
838 540
839 540
840 540
840 540
841 540
842 540
842 541
843 542
844 542
844 542
845 543
846 544
846 544
846 545
848 546
848 546
848 547
849 548
849 548
850 548
850 549
850 550
850 550
851 551
851 552
852 553
852 554
852 554
852 554
853 555
853 556
854 556
854 557
854 558
855 558
856 559
856 560
856 560
856 561
856 562
857 562
857 562
858 563
858 563
858 564
859 564
859 565
859 566
860 566
860 567
860 567
861 568
862 569
862 570
862 570
863 571
864 572
864 572
864 572
864 573
864 574
864 574
865 574
865 575
865 576
865 576
865 577
865 578
866 578
866 578
866 579
866 580
866 580
866 582
867 583
867 584
867 585
867 586
867 586
867 587
867 588
867 588
867 590
867 590
867 592
867 592
867 593
867 594
867 595
867 596
867 596
867 598
868 599
868 600
868 600
868 601
868 602
868 602
868 603
868 604
868 604
868 605
868 606
868 606
868 607
868 608
868 609
868 610
868 610
868 611
868 612
868 614
868 614
868 615
868 616
868 617
868 618
868 619
868 620
868 622
868 622
868 623
868 624
868 624
869 625
869 626
869 626
869 627
869 628
869 628
869 630
869 630
869 631
870 632
870 632
870 633
870 634
870 634
870 635
870 636
870 636
870 637
870 638
870 638
870 639
870 640
870 640
870 641
870 642
870 642
870 643
870 644
870 644
870 646
870 646
870 647
870 648
870 648
870 649
870 650
870 651
870 652
869 652
869 653
869 654
869 654
868 655
868 656
868 657
868 658
867 659
867 660
866 660
866 662
866 662
866 663
865 664
865 665
865 666
864 667
864 668
864 668
864 668
864 670
863 670
862 671
862 672
862 672
862 673
861 674
861 675
860 676
860 676
860 678
860 678
859 679
859 680
859 680
858 682
858 682
857 683
857 684
856 684
856 686
855 686
854 687
854 688
854 689
853 690
853 691
852 692
852 692
852 694
851 694
850 695
850 696
850 697
849 698
848 699
848 700
848 700
847 701
846 702
846 702
846 703
845 704
844 704
843 705
842 706
841 708
840 708
840 710
838 710
838 712
838 712
837 713
836 714
835 716
834 716
834 718
833 718
832 720
832 721
830 722
830 722
829 723
828 724
828 725
826 726
826 726
824 727
824 728
823 729
822 730
822 730
820 732
819 732
818 734
818 734
816 734
816 735
815 736
814 736
813 737
812 737
811 738
810 738
808 739
808 740
806 740
806 740
805 740
804 741
803 742
802 742
802 742
801 743
800 743
800 744
798 744
797 744
795 746
794 746
792 747
791 747
790 748
789 748
787 748
786 749
785 750
784 750
782 750
782 750
781 750
780 750
779 750
778 751
777 751
776 751
776 751
774 751
774 752
773 752
772 752
771 752
770 753
769 753
768 753
768 754
766 754
766 754
765 754
764 754
762 755
761 755
760 756
760 756
758 756
758 756
757 756
755 756
754 756
754 757
753 757
752 758
752 758
750 758
750 758
749 758
748 758
747 758
746 758
746 758
745 758
744 758
744 758
743 758
742 758
742 758
741 758
740 758
740 758
739 759
738 759
738 759
737 759
736 759
736 759
735 759
734 759
734 760
733 760
732 760
730 760
729 760
728 760
728 760
727 760
726 760
726 760
725 760
724 760
724 760
723 760
722 760
722 760
721 759
720 759
720 759
719 759
718 759
718 759
717 759
716 759
716 758
715 758
714 758
713 758
712 758
712 758
711 758
710 759
709 759
708 759
708 759
707 759
706 759
706 759
705 759
704 760
703 760
702 760
702 760
702 760
701 760
700 760
700 760
699 760
698 760
697 760
696 760
696 760
695 760
694 760
694 760
693 760
692 760
691 760
690 760
689 760
689 761
688 761
688 761
687 761
686 761
686 761
685 761
684 761
684 761
683 761
682 761
681 761
680 761
680 761
678 761
678 762
678 762
677 762
676 762
676 762
675 762
674 762
674 762
673 762
673 761
672 761
672 761
670 760
670 760
670 760
669 759
669 758
669 758
669 757
668 757
668 756
668 756
668 755
668 754
668 754
668 753
668 752
668 752
667 751
667 750
667 750
666 750
666 748
665 748
664 747
664 746
664 746
664 745
664 744
664 743
663 742
662 741
662 740
662 740
662 739
662 738
662 738
662 737
662 737
662 736
662 736
662 735
662 734
662 734
661 732
661 732
660 732
660 731
660 731
660 730
659 729
659 728
659 728
659 727
658 727
658 726
658 724
658 724
658 723
658 722
658 722
658 721
658 720
658 719
658 718
658 718
658 717
658 716
658 716
657 715
657 714
657 714
657 713
657 712
657 712
657 710
656 710
656 709
656 708
656 708
656 707
656 706
656 706
656 704
655 704
655 703
655 702
655 702
655 700
655 700
655 699
655 698
655 697
654 696
654 696
654 694
654 693
654 692
654 692
654 691
654 690
654 690
654 689
654 688
654 688
654 687
654 686
654 686
654 685
654 684
654 684
654 683
654 682
654 682
654 681
653 680
653 679
653 678
652 678
652 676
652 675
652 674
651 673
651 672
650 670
650 670
650 668
650 667
650 666
649 665
649 663
648 662
648 662
648 660
648 658
648 657
648 656
648 656
648 655
648 654
648 653
648 652
648 652
648 651
648 650
648 649
648 648
648 647
648 646
648 646
648 644
647 643
647 642
647 641
647 640
647 639
647 638
647 637
647 636
647 636
647 634
646 634
646 633
646 632
646 632
646 631
646 630
646 630
646 628
645 628
645 626
645 626
645 624
645 623
645 622
644 620
644 620
644 618
644 617
644 615
644 614
644 613
644 612
644 611
644 610
644 609
644 608
644 607
644 606
644 606
644 605
644 604
644 604
644 603
644 602
643 600
642 598
642 598
642 596
642 595
642 594
642 592
642 591
642 590
642 588
641 587
641 586
641 584
641 584
641 582
641 582
641 581
640 580
640 580
640 579
640 578
640 577
640 574
640 573
640 572
640 572
640 571
640 570
640 569
640 568
640 568
640 567
640 566
640 566
640 564
640 564
640 563
640 562
639 562
639 561
638 559
638 558
638 558
638 557
638 556
638 555
638 554
638 553
638 552
638 551
637 550
637 549
637 548
636 547
636 546
636 545
636 544
636 543
636 542
635 542
635 540
635 540
635 539
635 538
635 537
635 536
634 535
634 534
634 534
634 533
634 532
634 532
634 531
634 530
633 529
633 528
633 528
632 527
632 526
632 526
632 524
632 524
632 523
632 522
632 521
632 520
632 520
631 519
631 518
631 518
630 517
630 516
630 516
630 515
630 514
630 514
630 513
630 512
630 512
630 510
629 510
629 508
629 508
629 507
629 506
629 505
629 504
629 503
629 502
629 501
629 500
629 500
629 499
629 498
629 497
629 496
629 495
629 494
629 493
629 492
629 491
628 490
628 490
628 489
628 488
628 487
628 486
628 486
627 486
627 484
627 484
626 483
626 482
626 482
626 481
626 480
626 480
626 479
626 478
626 478
626 476
626 476
626 475
626 474
626 474
626 473
626 472
626 472
626 471
626 470
625 470
625 470
625 469
625 468
625 468
625 467
625 466
624 466
624 465
624 464
624 464
624 462
624 462
624 460
624 460
624 459
624 458
624 457
623 456
623 455
622 454
622 452
622 450
622 448
622 448
621 446
621 444
621 442
621 441
620 439
620 438
620 438
620 436
620 436
619 434
619 434
619 432
619 432
618 431
618 430
618 428
618 428
617 427
617 426
616 424
616 424
616 423
616 422
616 421
616 420
615 419
614 418
614 417
614 416
614 415
614 414
613 414
613 412
612 412
612 410
612 409
612 408
611 407
611 406
611 404
611 402
610 401
610 399
610 398
610 397
609 394
609 393
609 392
609 390
609 389
609 388
609 386
609 385
609 384
608 382
608 382
608 380
608 380
608 378
608 377
608 376
608 375
608 374
608 374
608 372
608 367
608 365
608 363
608 362
608 360
607 359
607 358
607 357
607 356
607 355
606 354
606 353
606 351
606 350
606 350
606 348
606 347
606 346
606 345
606 344
606 342
606 342
606 340
606 339
605 338
605 336
605 335
605 334
605 332
604 331
604 328
604 327
604 326
604 324
604 322
604 319
604 318
604 316
604 314
604 313
604 310
604 308
604 307
604 306
604 305
604 304
604 302
604 302
604 300
604 300
604 299
604 298
604 296
604 295
604 294
604 292
603 289
603 287
603 285
603 282
603 281
603 278
603 278
602 271
602 270
602 266
601 262
601 261
600 260
600 258
600 257
600 256
600 255
600 254
600 252
600 251
600 250
600 249
600 248
599 246
599 246
599 244
599 243
598 242
598 241
598 240
598 238
598 236
598 236
598 235
598 233
598 232
598 231
598 229
598 227
598 226
598 224
598 222
598 221
599 219
599 218
599 216
599 214
599 213
599 212
599 211
599 210
599 209
599 208
599 207
599 206
600 206
600 204
600 204
600 203
600 202
600 201
600 200
600 199
600 198
600 196
600 196
600 194
600 194
600 192
600 191
600 190
600 190
600 188
600 188
601 187
601 186
601 185
600 184
600 183
600 182
600 182
600 180
600 180
601 177
601 176
601 175
601 174
601 173
601 172
601 170
601 169
601 168
601 166
601 164
601 163
601 162
602 161
602 160
602 159
602 158
602 158
602 156
602 156
602 155
602 154
602 154
602 152
602 152
602 151
602 150
602 149
602 148
602 147
602 146
602 145
602 144
602 143
602 142
602 141
602 140
602 140
602 138
602 138
603 136
603 136
603 134
603 134
603 132
603 132
603 131
603 130
603 128
604 128
604 126
604 126
604 125
604 124
604 123
604 122
604 121
604 120
604 119
605 118
605 118
605 116
605 116
605 115
605 114
605 113
605 112
605 111
605 110
605 109
606 108
606 108
606 107
606 106
606 105
606 104
606 104
606 103
607 101
607 100
608 99
608 98
608 97
608 96
608 95
608 91
608 90
609 90
609 89
609 88
609 88
609 87
610 86
610 84
610 84
610 83
611 82
611 81
611 80
612 79
612 78
612 78
612 76
612 76
613 76
613 75
613 74
614 74
614 73
614 72
615 72
616 71
616 70
616 70
616 70
617 70
617 68
617 68
618 68
618 67
618 66
619 66
619 65
620 65
620 64
620 64
621 64
621 63
622 63
622 62
622 62
622 62
623 62
624 62
624 61
624 60
624 60
624 60
625 60
626 59
626 59
627 59
628 59
628 59
629 59
630 59
630 59
631 59
632 59
632 60
632 60
633 60
634 60
634 61
635 62
636 62
636 63
636 63
637 63
637 64
637 64
638 64
638 65
638 66
638 67
639 68
640 69
640 70
640 70
640 71
640 72
641 73
641 74
641 74
641 75
641 76
641 76
641 78
641 78
642 79
642 80
642 80
642 81
642 82
642 82
642 83
642 84
642 84
643 85
643 86
643 86
643 87
644 88
644 89
644 90
644 90
644 91
644 92
644 92
644 93
644 94
644 94
644 95
644 96
645 97
645 98
645 98
645 99
645 100
645 100
646 100
646 102
646 102
646 104
646 104
646 105
646 106
646 106
646 107
646 108
646 108
645 109
645 110
645 110
645 111
645 112
645 112
645 113
645 114
645 114
645 115
646 116
646 116
646 117
646 118
646 118
646 119
646 120
646 120
646 121
646 122
646 122
646 123
646 124
646 124
646 126
646 126
646 127
646 128
646 128
646 128
646 129
646 130
646 131
646 132
646 132
646 133
646 134
646 134
646 135
646 136
646 136
646 137
646 138
646 138
646 139
646 140
645 140
645 140
645 141
645 142
645 142
645 143
645 144
645 144
645 145
646 145
646 146
646 146
646 147
646 148
646 148
646 149
646 150
646 150
646 151
646 152
646 152
646 153
646 154
646 154
646 155
646 156
646 156
646 157
646 158
646 158
646 159
646 160
646 160
646 161
646 162
646 162
646 163
646 164
647 164
647 165
647 166
647 166
648 167
648 168
648 168
648 169
648 170
648 171
648 172
648 172
648 173
648 174
648 174
648 175
648 176
648 177
648 178
648 179
648 180
648 180
648 181
648 182
648 183
648 184
649 185
649 186
649 187
650 188
650 188
650 189
650 190
650 191
650 192
650 194
649 195
650 196
650 197
650 198
650 198
650 199
650 200
650 200
650 201
650 202
650 202
650 203
650 204
650 204
650 206
651 206
651 206
651 207
651 208
651 209
651 210
651 211
651 212
651 213
651 214
651 215
651 216
651 217
651 218
651 219
651 220
651 224
651 226
652 226
652 228
652 230
651 231
651 232
651 233
652 235
652 236
652 237
652 238
652 238
652 239
652 240
652 241
652 242
652 243
652 244
652 244
652 245
652 246
652 247
652 248
652 249
652 250
652 250
652 252
652 252
652 253
652 254
652 254
652 255
652 256
652 256
652 258
652 258
652 259
652 261
652 262
652 263
652 264
652 265
652 267
652 268
652 269
652 270
652 271
652 272
652 273
652 274
652 275
652 276
652 278
652 282
652 282
652 283
652 284
652 285
653 286
653 287
653 288
653 289
653 290
653 291
654 292
654 295
654 298
654 299
653 301
653 302
653 304
653 306
652 307
652 308
652 309
652 310
652 312
652 313
652 314
652 315
652 316
652 318
652 318
652 319
652 320
652 321
652 322
652 323
652 324
652 326
652 326
652 328
652 329
652 330
652 332
652 332
652 334
652 335
652 336
652 337
652 338
652 340
652 340
652 342
652 343
652 345
652 346
652 347
652 348
652 350
652 352
652 354
652 355
652 358
652 359
652 362
652 363
652 364
652 365
652 366
652 368
652 368
652 370
652 371
652 372
652 374
652 374
652 376
652 377
652 378
652 380
653 380
653 382
653 383
653 384
653 385
653 386
653 387
653 388
653 389
653 390
653 391
653 392
653 393
653 395
653 396
653 396
653 398
653 398
653 400
653 400
653 402
653 403
653 404
652 404
652 406
652 407
652 408
652 409
652 410
652 411
652 412
652 414
652 414
652 415
651 416
651 417
651 418
651 419
651 420
651 420
651 422
651 422
651 423
651 424
651 425
651 426
651 427
651 428
651 429
651 430
651 430
651 431
651 432
651 433
651 434
652 435
652 436
652 436
652 438
652 438
652 439
652 440
652 440
652 441
652 442
652 444
652 444
652 446
652 447
652 448
652 448
652 450
652 450
651 451
651 452
651 453
651 454
651 454
651 455
651 456
651 457
651 458
651 459
651 460
651 460
651 463
650 464
650 467
650 468
650 468
650 470
650 470
650 471
650 472
650 473
650 474
650 475
650 476
650 476
650 478
650 478
650 479
650 480
650 480
650 481
650 483
650 484
650 484
650 486
650 486
650 487
650 488
650 488
650 489
650 490
650 490
650 491
650 492
649 492
649 493
649 494
649 494
650 495
650 496
650 497
650 499
650 500
650 500
651 501
651 502
651 502
651 503
651 504
651 505
651 506
651 506
651 507
651 508
651 508
651 510
651 510
651 511
651 512
651 513
651 514
651 514
651 515
651 516
651 516
651 518
651 518
651 519
651 520
651 522
651 522
651 524
651 524
651 526
651 527
651 528
651 529
652 530
652 531
652 532
652 533
652 534
652 535
652 536
652 536
652 538
652 538
652 540
652 540
652 542
652 542
652 543
652 544
652 545
652 546
652 547
652 548
652 548
653 549
653 550
653 550
653 551
653 552
653 553
653 554
653 554
653 555
653 556
653 557
653 558
653 559
653 560
653 560
653 562
653 562
653 563
653 564
653 565
653 566
653 567
653 568
653 569
653 570
653 571
653 572
653 573
653 574
653 575
653 576
653 577
653 578
653 579
653 580
653 581
653 582
653 583
653 584
652 586
652 587
652 588
652 589
652 590
652 591
652 592
652 594
652 595
652 596
652 598
652 598
652 601
652 602
652 603
652 604
652 606
651 607
651 608
651 609
651 610
651 611
651 612
651 614
651 614
651 615
651 616
651 617
651 618
651 619
651 620
651 620
651 622
651 626
651 626
651 627
651 628
652 629
652 630
652 630
652 631
652 632
652 633
652 634
652 635
652 636
652 636
652 638
652 638
652 639
652 641
652 642
652 643
652 644
652 644
652 646
652 646
652 648
652 648
652 649
652 650
652 651
652 652
652 652
652 654
652 654
652 655
652 656
652 656
652 657
652 658
652 659
652 660
652 660
652 662
652 662
652 663
652 664
652 665
652 666
652 667
652 668
652 668
652 669
652 670
652 670
652 672
652 672
652 673
652 674
652 675
652 676
652 677
652 678
652 679
652 680
652 680
652 682
652 682
652 684
652 684
652 685
652 686
652 687
652 688
652 690
652 691
652 692
652 692
652 694
652 694
652 696
652 697
652 698
652 699
652 700
652 701
652 702
652 703
652 704
652 706
652 707
652 708
652 710
652 710
652 712
652 712
652 714
652 715
652 716
652 717
652 718
652 720
652 722
652 723
651 724
651 726
651 727
651 728
651 729
651 730
651 730
651 731
650 732
650 732
650 734
650 735
650 736
650 738
650 739
650 740
650 742
650 742
650 743
650 744
650 745
650 746
650 746
650 747
650 748
650 749
650 750
650 750
650 751
650 753
650 754
650 756
650 756
650 757
650 758
650 758
650 759
650 760
650 762
650 763
649 764
649 766
649 767
648 768
648 769
648 770
648 772
648 773
648 775
648 776
648 777
648 778
648 780
648 781
648 782
647 783
647 784
647 785
647 786
647 788
647 789
648 790
648 791
648 792
648 795
648 796
648 796
648 798
648 799
648 800
648 800
648 801
648 803
648 804
648 805
648 806
649 808
649 809
649 810
649 810
649 812
649 814
649 814
649 816
648 817
648 818
648 820
648 822
648 822
648 823
648 824
648 825
648 826
648 827
648 828
649 828
649 830
649 831
649 832
649 833
649 834
649 835
649 836
649 837
649 838
649 839
649 840
649 841
649 842
649 843
649 844
649 846
650 846
650 848
650 848
650 850
650 851
650 852
650 854
650 855
650 856
650 858
650 860
650 862
650 862
650 864
650 865
650 866
650 868
650 869
650 871
650 872
650 874
650 876
650 877
651 878
651 880
651 881
651 882
651 884
651 885
651 886
651 888
651 889
651 891
651 894
652 896
652 897
652 898
652 900
652 900
652 901
652 902
652 903
652 904
652 905
652 906
652 907
652 908
652 909
652 910
652 911
652 912
652 913
652 914
652 915
652 916
652 916
652 918
652 918
652 919
652 920
652 922
652 923
652 924
652 926
652 927
652 928
652 930
652 930
652 936
652 938
652 940
652 940
652 941
653 942
653 943
653 944
653 945
653 946
653 947
654 947
654 948
654 948
