749 940
748 929
748 923
748 921
748 920
748 919
748 918
748 918
748 917
748 916
748 916
748 915
748 914
748 914
748 913
748 912
748 912
748 911
748 910
748 910
748 908
748 908
748 907
748 906
748 906
748 905
748 904
748 903
748 902
748 901
748 900
748 899
748 898
748 898
748 897
748 896
748 895
748 894
748 894
748 893
748 892
748 892
748 891
748 890
748 889
748 888
748 887
748 886
748 886
748 885
748 884
748 884
748 883
748 882
748 882
748 881
748 880
748 879
748 878
748 878
748 876
748 876
748 875
748 874
748 874
748 873
748 872
748 872
748 871
748 870
748 870
748 869
748 868
748 868
748 867
748 866
748 866
748 865
748 864
747 864
747 864
747 863
747 862
747 861
747 860
747 860
747 859
747 858
747 857
747 856
747 856
747 855
747 854
747 854
747 852
747 852
747 851
747 850
747 849
747 848
747 848
748 847
748 846
748 846
748 844
748 844
748 843
747 842
747 842
747 841
747 840
747 840
747 839
746 838
746 838
746 836
746 836
746 835
746 834
746 833
746 832
746 832
746 831
746 830
746 830
746 829
746 828
746 828
746 827
746 826
746 826
746 824
746 824
746 823
746 822
746 822
746 821
746 820
746 820
746 819
746 818
746 816
746 815
746 814
746 814
746 813
746 812
746 812
746 811
746 810
746 810
746 809
746 808
746 807
746 806
746 806
746 805
745 804
745 804
746 803
746 802
746 801
746 800
746 800
746 799
746 798
746 797
746 796
746 796
746 795
746 794
746 792
746 792
746 791
746 790
746 788
746 788
746 787
746 786
746 786
746 785
746 784
746 783
746 782
746 782
746 780
746 779
746 778
746 776
746 775
745 774
746 772
746 771
746 770
746 769
746 768
746 768
746 767
746 766
746 765
746 764
746 764
746 763
746 762
746 761
746 760
746 760
746 758
746 758
746 757
746 756
746 755
746 754
746 753
746 752
746 751
746 750
746 750
746 748
746 748
746 746
746 745
746 744
746 743
745 741
745 740
745 740
745 738
745 737
745 736
746 734
746 734
746 733
746 732
746 731
746 730
746 730
746 729
746 728
746 728
746 727
746 726
746 725
746 724
746 724
746 723
746 722
746 721
746 720
746 720
746 719
746 718
746 718
746 717
746 716
746 716
746 715
746 714
746 713
746 712
746 712
746 711
746 710
746 710
746 709
746 708
746 708
746 707
746 706
746 706
746 706
746 705
746 704
745 704
745 704
745 703
745 702
744 702
744 702
744 701
744 700
744 700
744 699
744 698
744 698
744 697
744 696
744 696
744 695
744 694
744 693
744 692
744 691
744 690
744 690
744 689
744 688
744 688
745 686
746 685
746 684
746 683
746 682
746 681
746 680
745 679
745 678
745 678
745 676
745 675
745 674
744 673
744 672
744 671
744 670
744 670
744 668
744 668
744 668
744 666
743 666
743 664
742 664
742 663
742 662
742 662
742 660
742 659
742 658
742 656
742 655
742 654
742 654
742 652
742 652
742 651
742 650
742 648
742 648
742 646
742 646
742 644
742 644
742 643
742 641
742 640
742 638
742 638
742 636
742 636
742 634
742 634
742 632
742 631
742 630
742 630
742 628
742 628
742 627
742 626
742 625
742 624
742 624
742 623
742 622
742 622
741 621
741 620
741 620
741 619
741 618
741 617
740 615
740 614
740 612
740 612
740 611
739 609
739 607
739 606
739 604
739 603
739 601
739 600
739 598
739 598
738 596
738 595
738 594
738 592
738 590
738 590
738 588
738 587
738 586
738 585
738 584
738 583
738 582
738 582
738 581
738 580
737 580
737 579
737 578
737 577
736 576
736 574
736 574
736 573
736 572
736 570
736 569
736 568
736 567
736 566
736 564
736 564
736 563
736 562
736 561
735 560
735 558
735 557
735 556
735 556
735 555
735 554
735 553
735 552
735 551
735 550
735 548
735 548
735 547
734 544
734 543
734 542
734 542
734 540
734 539
734 538
734 538
734 537
734 536
734 535
734 534
734 533
734 532
734 532
734 531
734 530
733 530
733 529
733 528
733 527
733 526
733 526
733 524
733 524
733 523
733 522
733 522
733 520
733 519
733 518
732 516
732 516
732 514
732 514
732 513
732 511
732 510
732 508
732 507
732 506
732 505
732 504
732 503
732 502
732 502
732 500
732 500
732 499
731 499
731 498
731 497
731 496
731 495
731 494
731 494
731 492
731 490
731 488
731 487
731 486
731 486
731 484
731 483
731 482
731 481
730 480
730 479
730 478
730 476
730 476
730 474
730 473
730 472
730 471
730 470
730 469
730 468
730 467
730 466
729 465
729 464
728 462
728 461
728 460
728 459
728 458
728 456
728 454
728 453
728 452
728 450
728 448
728 447
728 446
728 444
728 444
728 442
728 441
728 440
728 438
728 438
728 436
728 435
728 434
727 433
727 432
727 431
727 430
727 428
726 428
726 426
726 425
726 424
726 422
726 420
726 419
726 417
725 416
725 415
724 414
724 412
724 411
723 410
723 408
723 407
723 406
722 404
722 403
722 402
722 400
722 399
722 398
722 396
721 395
721 393
720 392
720 391
720 390
720 388
720 387
720 386
720 383
720 382
720 380
719 379
719 377
719 376
719 374
719 372
719 371
719 370
719 368
719 367
719 366
719 366
719 364
718 363
718 362
718 360
718 359
718 358
718 357
719 356
719 355
719 354
719 353
719 352
719 351
719 350
719 349
719 348
719 347
719 346
718 344
718 343
718 342
718 340
719 339
719 338
719 338
719 336
719 336
719 334
719 334
719 332
719 332
719 330
718 329
718 328
718 327
718 326
718 326
718 324
718 322
718 322
719 320
718 318
718 318
718 316
718 316
718 315
718 314
718 313
718 312
718 311
717 310
717 308
717 308
717 307
717 306
717 305
717 304
717 302
717 302
717 300
717 300
717 299
717 298
716 297
716 296
716 294
716 294
716 292
716 291
716 290
716 289
716 288
716 287
716 286
716 285
716 284
716 283
716 282
716 281
716 280
716 279
716 278
716 275
716 274
716 273
716 272
716 270
716 270
716 268
716 268
716 266
716 266
716 264
716 264
716 262
716 262
716 260
716 259
716 258
716 257
716 256
716 255
716 254
716 253
716 252
716 251
716 250
716 249
716 248
716 248
716 246
716 246
716 244
716 244
716 242
716 242
716 241
715 240
715 239
715 238
715 238
715 236
715 236
715 235
715 234
715 234
715 233
715 232
715 232
715 231
715 230
715 230
715 229
715 228
715 227
715 226
715 225
715 224
715 224
715 223
715 222
715 222
715 220
715 220
715 219
715 218
715 217
716 216
716 216
716 215
716 214
716 214
716 212
716 212
716 210
716 209
715 208
715 208
715 206
715 206
715 205
715 204
715 203
715 202
715 202
715 200
715 200
715 199
715 198
715 198
714 196
714 196
714 194
714 193
714 192
714 191
714 190
714 189
714 188
714 187
714 186
714 185
714 184
714 184
713 183
713 182
712 180
712 180
712 178
712 178
712 176
712 175
712 174
712 174
712 172
712 171
712 170
712 169
712 168
712 167
712 166
712 166
712 165
711 164
711 163
711 162
711 161
711 160
711 159
711 158
711 157
711 156
711 156
711 154
710 154
710 152
710 152
710 151
710 150
710 149
710 148
710 148
710 146
710 145
710 143
710 142
710 141
710 140
709 139
709 134
709 134
709 132
709 132
709 131
708 130
709 129
708 128
709 126
709 126
709 124
709 124
709 123
709 122
709 121
709 120
709 119
709 118
710 118
710 117
710 116
710 114
710 114
710 112
710 110
710 110
710 108
710 107
710 106
710 105
710 104
710 104
710 103
710 102
710 102
710 100
710 100
710 99
711 98
711 97
711 96
711 96
711 94
711 94
711 93
711 92
711 92
711 91
711 90
711 90
711 89
712 88
712 87
712 86
712 86
712 84
712 84
712 83
712 82
712 81
712 80
712 79
712 78
712 76
712 75
713 75
713 74
714 74
714 73
714 72
714 72
714 71
714 70
714 70
714 68
715 68
715 67
715 66
715 66
715 65
716 65
716 64
716 63
716 62
716 62
716 60
716 59
716 58
716 57
717 57
717 56
717 56
718 55
718 54
718 54
719 54
720 52
720 52
720 52
720 51
721 50
722 50
722 49
723 48
724 48
724 48
725 48
726 48
726 47
726 47
727 47
728 47
728 47
728 48
730 48
730 48
730 48
731 48
731 49
732 50
732 50
732 50
732 51
733 51
733 52
733 52
734 52
734 53
734 54
734 54
735 54
735 55
735 56
736 56
736 56
736 57
736 58
737 58
738 59
738 60
738 61
738 62
738 62
738 63
739 64
739 64
740 65
740 65
740 66
741 67
741 68
741 68
742 70
742 70
742 71
742 72
742 72
742 73
742 74
742 74
742 75
743 76
743 76
743 78
743 80
743 82
743 84
743 84
743 86
743 87
743 89
743 90
743 92
743 92
743 93
743 94
743 95
743 97
743 98
743 99
743 100
743 102
743 103
743 104
743 104
743 106
743 106
744 107
744 108
744 108
744 110
744 110
744 111
744 112
744 112
744 113
744 114
744 114
744 115
744 116
744 116
744 118
744 118
744 119
744 120
744 121
744 122
744 122
744 123
744 124
744 126
744 126
744 128
744 129
744 130
744 131
744 132
744 132
744 135
744 137
744 138
744 139
743 140
743 140
743 141
743 142
743 143
743 144
744 145
744 146
744 147
744 148
744 148
744 150
744 152
744 153
744 154
744 155
744 156
744 156
744 157
744 158
744 158
744 159
744 160
744 161
744 162
744 162
744 163
744 164
744 166
744 166
745 168
745 169
745 170
745 172
745 172
746 174
746 176
746 177
746 178
746 179
746 180
746 180
746 181
747 182
747 183
747 184
747 184
747 186
748 186
748 188
748 188
748 189
748 190
748 194
748 194
748 196
748 197
748 199
748 200
748 202
748 203
748 208
748 209
748 210
748 212
748 212
748 214
748 215
748 216
747 217
747 219
747 220
747 221
747 225
747 227
747 228
747 229
747 230
747 232
747 233
746 234
746 236
746 238
746 239
746 240
746 244
746 245
746 246
746 248
746 249
746 252
746 252
746 254
746 255
746 257
746 258
746 260
746 261
747 263
747 264
747 266
747 267
747 270
747 270
747 272
747 273
748 274
748 276
748 276
748 278
748 278
748 280
748 280
748 282
748 283
748 284
748 284
748 286
748 287
748 288
748 289
748 291
748 292
748 293
748 294
748 295
748 297
748 298
748 299
748 300
748 302
748 303
748 304
748 305
748 306
748 308
748 308
748 311
748 312
748 313
748 314
748 316
748 316
748 318
748 319
748 320
748 322
748 323
748 324
748 326
749 327
749 328
749 330
749 331
749 332
749 333
749 334
749 336
749 337
749 338
749 340
749 341
749 342
749 344
749 345
749 346
750 348
750 348
750 350
750 351
750 352
750 354
750 355
750 356
750 358
750 359
750 361
750 362
750 364
750 365
750 366
750 368
750 369
750 370
750 372
750 374
750 375
750 376
750 378
750 379
750 380
749 382
749 383
749 384
749 386
749 387
749 388
749 390
749 391
749 392
749 393
749 394
749 396
749 396
749 398
749 398
748 399
748 400
748 402
748 403
748 404
748 405
748 406
748 407
748 408
748 410
748 411
748 412
748 412
748 414
748 414
748 415
748 416
748 417
748 418
748 420
748 420
748 422
748 422
748 424
748 425
748 426
748 427
748 428
748 429
748 430
748 431
748 432
748 433
748 434
748 436
748 436
748 438
748 439
748 445
748 446
748 447
748 448
748 450
748 451
748 452
748 454
748 455
748 456
748 458
748 459
748 460
748 462
748 463
748 464
748 465
748 467
748 468
748 468
748 470
748 470
748 472
748 474
748 476
748 477
748 478
748 479
748 480
748 481
748 482
747 483
747 484
747 484
747 486
747 486
747 488
747 489
747 490
747 491
746 492
746 494
746 494
746 496
746 497
746 498
746 500
746 501
746 502
746 504
746 505
746 507
746 508
746 510
746 510
746 512
746 513
746 514
746 516
746 517
745 518
745 520
745 521
745 522
745 523
745 524
745 526
745 527
745 528
745 529
745 530
745 532
744 532
744 534
744 534
744 536
744 537
744 538
744 539
744 540
744 542
744 542
744 544
744 544
744 546
744 547
744 548
743 548
743 550
743 550
743 552
742 553
742 554
742 556
742 556
742 558
742 558
742 560
741 561
741 562
741 563
741 564
740 565
740 566
740 567
740 569
740 570
739 572
739 572
739 574
739 575
739 576
739 577
738 579
738 580
738 581
738 582
738 583
738 584
738 586
738 587
738 588
738 590
738 591
738 592
738 594
738 595
737 596
737 598
736 598
736 600
736 601
736 602
736 604
736 606
736 606
736 608
736 609
735 610
735 612
735 614
735 615
734 616
734 618
734 619
734 620
734 622
734 624
734 625
734 626
734 627
734 628
734 630
734 631
733 632
733 634
733 636
733 637
733 638
733 639
733 641
733 642
733 643
732 644
732 646
732 647
732 648
732 649
732 650
732 652
732 652
732 654
732 655
732 656
732 658
732 659
732 660
732 661
731 662
731 668
730 670
730 670
730 672
730 673
730 675
730 676
730 678
730 678
730 680
730 681
729 683
729 684
728 686
728 687
728 688
728 690
728 691
728 692
728 694
728 695
728 696
728 697
728 699
728 700
728 702
728 703
727 704
727 706
727 707
727 708
727 710
727 710
726 712
726 713
726 715
726 716
726 718
726 719
726 720
726 722
725 723
725 724
725 726
725 726
724 728
724 729
724 731
724 732
723 734
723 735
723 736
722 738
722 739
722 740
722 742
722 742
722 744
722 745
721 747
721 748
720 750
720 751
720 753
720 754
720 756
720 758
720 760
719 762
719 763
719 766
718 768
718 770
718 771
718 773
718 775
718 776
718 778
717 780
717 782
717 783
716 785
716 788
716 788
716 790
716 792
716 794
716 796
716 799
716 800
716 802
716 804
716 807
716 809
715 812
715 813
715 814
715 817
715 819
715 820
715 822
715 822
715 824
715 825
715 826
715 828
715 828
715 830
715 830
715 832
715 833
715 834
715 836
715 838
715 838
715 841
715 842
715 844
715 846
715 847
715 848
715 851
715 854
715 856
715 858
716 860
716 862
716 864
716 865
716 866
716 868
716 869
716 870
716 873
716 874
716 875
716 877
716 878
716 880
716 883
716 885
716 887
717 888
717 890
717 891
717 892
718 894
718 896
718 897
718 898
719 900
719 901
719 902
720 902
720 903
720 904
720 905
720 906
720 907
721 908
721 908
722 910
722 911
723 911
723 912
724 912
724 913
724 915
725 916
726 918
727 920
727 921
728 922
728 922
728 924
729 924
730 926
730 926
731 928
731 928
732 929
732 930
732 931
733 932
733 932
733 934
734 934
734 935
735 936
735 936
736 936
736 937
736 938
737 939
738 940
738 941
738 942
738 942
739 943
740 943
740 943
740 944
741 944
742 944
742 945
743 945
744 946
744 946
746 946
746 946
747 947
748 947
748 947
748 946
747 946