672 938
672 927
672 924
671 923
671 922
671 921
671 920
670 920
670 919
670 918
670 918
670 917
670 916
669 916
669 915
669 914
668 914
668 913
668 912
668 911
668 911
668 910
667 910
667 909
667 908
667 908
666 907
666 906
666 906
666 905
666 904
666 903
666 902
665 902
665 902
664 901
664 900
664 900
664 899
664 898
664 897
664 896
664 895
664 894
663 894
663 892
663 892
662 890
662 890
662 889
662 889
662 888
662 888
662 887
662 886
662 886
661 885
661 884
661 884
661 883
661 882
660 880
660 879
660 878
659 877
659 876
658 876
658 875
658 874
658 874
658 873
658 872
657 872
657 872
656 871
656 870
656 870
656 869
656 868
656 868
655 866
655 865
655 864
654 863
654 862
654 861
654 860
654 860
654 859
653 858
653 857
653 856
653 855
652 854
652 854
652 852
652 851
652 850
652 850
652 849
652 848
651 848
651 847
651 846
650 846
650 844
650 843
649 842
648 842
648 841
648 840
648 840
648 839
648 838
648 838
647 837
647 836
647 836
646 834
646 833
645 832
645 832
645 831
644 830
644 830
643 829
643 828
642 828
642 827
642 826
642 826
642 825
641 824
640 824
640 823
640 822
640 822
640 820
640 820
639 819
639 818
639 817
638 816
638 816
638 815
638 814
637 814
637 813
636 812
636 812
636 811
636 811
636 810
635 809
635 808
634 807
634 806
634 806
634 806
633 804
632 804
632 803
632 802
632 802
632 801
631 800
631 799
630 799
630 798
630 798
630 798
630 797
629 797
629 796
628 796
628 796
628 796
627 795
626 794
626 794
626 793
626 793
626 792
626 792
625 791
624 790
624 790
624 789
624 788
623 788
622 787
622 786
622 786
621 785
621 784
620 784
620 783
620 782
620 782
619 781
619 780
618 780
618 780
618 779
617 778
617 778
616 777
616 776
616 775
615 775
615 774
615 774
614 773
614 772
614 772
613 772
613 771
612 770
612 770
612 769
612 769
611 768
611 768
610 767
610 766
610 766
610 766
609 766
608 765
608 764
608 764
607 764
607 763
606 763
606 763
606 762
606 762
605 762
605 761
604 761
603 758
603 758
602 757
602 756
602 756
601 755
600 754
600 754
600 754
600 753
599 752
598 752
598 752
597 751
596 750
596 750
595 750
594 749
594 748
593 748
592 748
592 747
591 747
590 746
590 746
589 746
588 745
588 744
588 744
587 743
586 743
586 742
586 742
585 741
584 740
584 740
583 739
582 738
581 737
580 736
578 735
578 734
576 734
576 732
575 732
574 732
574 732
573 731
572 730
572 730
571 730
571 729
570 729
570 728
569 728
568 728
568 727
567 726
566 726
565 726
564 725
564 724
563 724
562 724
562 723
561 723
560 722
560 722
560 721
559 721
558 720
558 720
557 719
556 718
556 718
555 717
554 716
554 716
554 715
553 715
552 714
552 714
551 713
550 712
549 712
548 712
547 711
546 711
546 710
545 710
544 710
544 710
543 708
542 708
542 708
541 708
541 707
540 707
540 706
539 706
538 705
538 704
536 704
535 703
534 703
533 702
532 702
532 702
531 702
530 702
529 701
528 700
528 700
527 700
526 700
525 699
524 699
524 698
523 698
522 698
522 697
521 697
520 697
520 696
519 696
518 696
518 696
516 696
515 696
514 696
514 696
512 695
512 695
511 695
510 695
509 695
508 694
508 694
507 694
506 694
506 694
504 694
504 693
504 692
503 692
502 692
501 692
500 691
498 691
498 690
496 690
494 689
493 689
492 689
492 689
491 688
490 688
490 688
488 688
488 688
487 688
486 687
485 687
484 687
483 687
482 687
482 687
481 687
480 687
480 687
479 687
478 687
478 687
477 687
476 687
476 687
475 688
474 688
474 688
474 688
473 688
472 688
472 689
471 690
470 690
470 690
469 690
469 691
468 691
468 692
467 692
466 692
465 693
464 694
464 694
464 694
464 695
463 695
463 696
463 696
462 697
462 698
462 698
462 699
462 700
462 700
462 702
462 702
463 703
464 704
464 704
464 705
464 706
464 707
465 707
466 708
466 708
466 709
466 710
467 710
467 711
468 712
470 713
470 714
470 714
471 714
472 714
472 714
472 714
472 715
473 716
474 716
474 716
475 716
476 717
476 718
476 718
477 718
477 718
478 718
478 718
479 719
480 719
480 719
481 720
482 720
482 720
482 720
483 720
484 720
485 721
486 721
486 721
487 721
487 722
488 722
489 722
490 723
490 723
491 723
491 724
492 724
493 724
494 724
494 724
495 724
496 724
496 724
497 725
498 725
498 726
499 726
500 726
500 726
500 726
501 726
502 726
502 727
502 727
503 727
503 728
504 728
504 728
505 728
506 729
506 729
507 729
508 729
509 729
510 729
511 730
512 730
513 730
514 730
514 730
515 730
516 730
516 730
517 730
517 729
518 730
518 730
519 730
520 730
520 730
521 730
522 730
522 730
523 730
524 730
525 730
526 730
527 731
528 731
528 731
529 731
530 731
530 731
531 731
531 732
532 732
533 732
534 732
535 732
536 732
536 732
537 732
538 732
538 732
539 733
540 734
542 734
542 734
544 734
545 734
546 734
548 734
549 734
550 735
551 735
552 736
553 736
554 736
555 736
556 736
556 736
557 736
558 736
559 737
560 737
560 737
562 737
564 737
566 738
566 738
568 738
568 738
569 739
570 739
570 739
571 739
571 740
572 740
572 740
573 740
574 740
574 740
575 740
576 740
576 740
578 741
578 741
579 741
580 741
580 741
581 741
582 741
583 741
584 741
584 741
585 741
586 742
586 742
587 742
588 742
588 742
589 742
590 742
590 742
591 742
592 742
592 742
594 742
594 742
595 742
596 742
597 742
598 743
599 743
600 743
600 743
601 743
602 743
602 743
603 743
604 744
604 744
605 744
605 744
606 744
606 744
607 744
608 744
608 744
610 744
610 744
611 744
612 744
613 744
614 744
615 744
616 744
616 744
617 744
618 745
618 745
619 745
620 745
620 745
621 745
622 745
622 745
623 745
624 745
624 745
626 744
626 744
627 744
628 744
629 744
630 744
630 744
631 744
632 744
632 744
633 744
634 744
634 744
635 744
636 744
636 744
637 744
638 744
638 744
639 744
640 744
640 744
642 744
642 744
643 744
644 744
645 744
646 744
647 744
648 744
649 744
650 744
650 744
651 744
652 744
652 744
653 744
654 744
654 745
655 745
656 745
656 745
657 745
658 745
659 745
660 745
660 745
661 745
662 745
662 745
663 745
664 745
664 745
665 745
666 745
666 745
667 745
668 745
668 745
669 745
670 745
670 745
671 745
672 745
672 745
673 745
674 746
674 746
675 746
676 746
676 746
677 746
678 746
678 746
679 746
680 746
680 746
681 746
682 746
682 746
683 746
684 746
684 746
685 746
686 746
686 746
687 746
688 746
688 746
690 746
690 746
691 746
693 746
694 746
695 746
696 746
696 746
697 746
698 746
698 746
699 746
700 746
700 746
701 746
702 746
702 746
703 746
704 746
704 746
705 746
706 746
707 746
708 746
708 746
709 746
710 746
710 746
711 746
712 746
712 746
713 746
714 746
714 746
715 746
716 746
716 746
717 746
718 746
718 746
719 746
720 746
720 746
722 746
722 746
723 746
724 746
725 746
726 746
727 746
728 746
730 746
732 746
732 746
733 746
734 746
734 746
735 746
736 746
736 746
737 746
738 746
738 746
739 746
740 746
741 746
742 746
742 746
743 746
744 746
744 746
744 746
746 746
746 746
747 746
748 746
748 746
749 746
750 747
750 747
751 747
752 747
752 747
753 747
754 747
754 747
755 747
756 747
756 747
757 747
758 747
759 747
760 747
760 747
761 747
762 747
762 747
763 747
764 747
764 747
765 747
766 747
767 747
768 747
768 747
769 747
770 747
770 747
771 747
772 747
773 746
774 746
774 746
775 746
776 746
776 746
777 746
778 746
778 746
779 746
780 746
780 746
781 746
782 746
782 746
783 746
784 746
784 746
785 746
786 746
786 746
787 746
788 746
788 746
789 746
790 746
791 746
792 746
792 746
794 746
794 746
795 746
796 746
796 746
797 746
798 746
798 746
799 746
800 746
800 746
801 746
802 746
802 747
804 747
804 747
805 747
806 747
807 747
808 747
808 747
810 747
810 747
811 747
812 747
812 747
813 747
814 747
815 747
815 748
816 748
816 748
818 748
819 747
820 747
821 747
823 747
824 747
824 747
826 747
827 747
828 747
828 747
829 747
830 747
830 746
831 746
833 746
834 746
835 746
836 746
836 746
837 746
838 746
838 746
840 746
840 746
842 746
843 746
844 746
845 746
846 746
846 746
847 746
848 746
848 746
849 746
850 746
850 746
851 745
852 745
852 745
853 745
854 745
855 745
856 745
856 745
857 745
858 745
858 745
859 745
860 745
861 745
862 745
862 745
863 745
864 745
864 745
866 745
866 745
867 745
868 745
868 745
868 744
869 744
870 744
872 744
872 744
873 744
874 744
874 744
874 744
874 744
873 744
872 743
871 743
870 743
870 742
869 742
868 742
868 742
867 742
866 742
866 741
866 740
865 740
864 740
864 740
864 739
863 739
863 738
862 738
862 738
861 737
860 736
859 736
859 735
858 734
856 734
854 733
852 732
852 732
851 732
850 732
850 732
848 731
848 731
847 730
846 730
845 730
844 730
844 729
843 729
842 729
842 729
840 728
839 728
838 728
838 728
836 728
836 728
835 727
834 727
833 726
832 726
832 726
831 726
830 724
830 724
830 724
829 724
829 723
828 722
827 722
826 722
826 721
825 721
824 720
824 720
823 719
821 718
821 718
820 718
819 716
818 716
818 716
817 715
816 715
816 714
816 714
815 713
815 712
814 712
814 712
814 711
813 710
812 709
812 708
812 708
811 708
811 707
810 707
810 706
810 706
809 705
808 705
808 704
808 704
807 704
806 703
805 702
805 702
804 702
804 701
804 700
803 700
803 700
802 699
802 698
802 698
801 697
800 697
800 696
799 695
798 695
798 694
798 694
797 693
796 692
795 690
795 690
794 690
794 688
793 687
792 686
792 686
792 686
792 685
792 684
791 684
791 683
790 683
790 682
789 681
788 680
788 680
787 680
787 679
786 679
786 678
786 678
786 678
785 678
784 677
784 676
784 676
783 675
783 674
782 674
782 673
782 672
782 672
782 671
781 670
781 668
780 667
780 666
779 664
778 663
778 662
777 661
776 660
776 660
776 659
776 658
776 657
775 656
775 656
774 655
774 654
773 654
773 653
772 652
772 652
771 651
770 650
770 649
770 649
770 648
768 648
768 647
768 646
767 646
767 645
766 644
766 643
766 642
765 642
765 641
765 640
765 640
764 639
764 638
764 638
763 636
763 636
762 635
762 634
762 634
762 633
762 632
762 632
761 631
760 630
760 630
760 630
760 629
760 628
759 628
758 627
758 627
757 626
756 625
756 624
755 624
755 623
754 622
754 622
754 621
754 620
754 620
753 619
753 618
752 618
752 617
752 616
752 616
752 615
751 614
750 614
750 614
750 612
749 612
749 611
749 610
748 609
748 608
748 607
747 606
747 606
747 605
746 604
746 604
746 602
746 602
746 600
745 599
745 598
744 596
743 594
743 594
743 593
742 592
742 591
741 590
740 589
740 588
740 588
739 587
739 586
739 584
738 584
738 583
738 582
738 582
737 580
736 580
736 580
736 579
735 578
735 577
735 576
734 576
734 575
734 574
734 574
734 572
733 572
733 571
733 570
733 570
733 569
732 568
732 567
732 566
732 566
732 565
732 564
732 564
731 563
731 562
731 562
730 561
730 560
730 559
730 558
730 558
729 556
729 556
729 555
728 554
728 553
728 552
728 552
728 551
727 550
727 550
727 548
726 548
726 548
726 547
725 546
724 546
724 545
724 544
723 543
723 542
722 542
722 541
722 540
721 539
720 537
720 536
720 536
720 534
720 534
719 533
719 532
719 532
718 531
718 530
718 530
718 529
718 528
717 527
717 526
717 525
717 524
717 523
717 522
716 522
716 520
716 520
716 519
716 518
716 516
716 516
716 515
716 514
716 514
716 513
716 512
716 512
716 510
715 510
715 509
715 508
715 508
715 507
715 506
715 505
715 504
714 503
714 502
714 502
714 501
714 500
714 500
714 499
714 498
714 498
714 497
713 496
712 495
712 494
712 494
712 492
712 492
712 491
711 490
711 488
711 488
710 487
710 486
710 486
710 484
709 484
709 483
708 482
708 482
707 481
707 480
707 479
706 478
706 478
706 477
706 476
706 475
706 474
706 473
706 472
706 472
706 471
705 470
705 470
705 468
704 468
704 467
704 466
704 465
704 464
703 464
703 463
703 462
702 462
702 459
702 458
702 457
702 456
702 455
702 454
702 454
702 453
701 452
701 452
701 451
701 450
701 449
700 448
700 448
700 447
700 446
700 446
700 445
700 444
700 444
700 443
700 442
700 441
700 440
699 439
699 438
699 438
699 437
699 436
699 436
698 435
698 434
698 433
698 432
698 431
698 430
698 430
698 428
698 428
697 427
697 426
697 425
696 424
696 424
696 423
696 422
696 422
696 420
696 420
696 419
696 418
695 417
695 416
694 416
694 415
694 415
694 414
694 414
693 414
693 413
692 412
692 412
692 411
691 410
691 410
690 409
690 408
690 407
690 406
690 406
689 404
688 403
688 401
688 400
688 400
687 398
686 398
686 397
686 396
686 395
686 393
685 392
685 391
685 390
685 390
685 388
685 388
685 387
684 386
684 384
684 384
684 383
684 382
684 382
684 380
684 380
684 380
684 379
683 378
683 378
683 374
683 374
682 373
682 372
682 372
682 371
682 370
682 369
682 368
682 367
682 366
682 366
682 365
682 364
682 364
682 363
681 362
681 361
681 360
680 359
680 358
680 358
680 356
680 355
680 354
680 353
680 352
680 352
680 350
680 349
679 348
679 348
679 347
678 346
678 345
678 344
678 343
678 342
678 340
677 339
677 338
676 335
676 334
675 332
675 332
674 330
674 330
674 329
674 328
674 327
674 326
673 324
672 323
672 322
672 322
672 321
672 320
672 320
672 319
672 318
672 318
672 317
672 316
672 316
672 315
671 314
671 314
671 313
671 311
671 310
671 310
670 308
670 307
670 306
670 306
670 304
670 303
670 302
670 302
670 300
670 299
669 298
669 297
668 295
668 294
668 294
668 293
668 292
668 291
668 289
668 288
668 287
668 286
668 286
668 285
668 284
668 284
668 283
668 282
668 281
668 280
667 280
667 279
667 278
667 278
667 276
667 276
667 275
667 274
667 274
667 273
667 272
667 271
667 270
667 270
667 269
667 268
667 268
667 267
667 266
666 266
666 265
666 264
666 263
666 262
666 262
666 260
666 260
666 259
666 258
666 257
666 256
665 255
665 254
665 254
665 252
665 252
665 251
665 250
664 249
664 248
664 246
664 245
664 244
664 243
664 242
664 241
664 240
664 240
664 238
664 238
664 237
664 236
664 236
664 235
664 234
664 233
664 232
664 231
664 230
663 230
663 229
663 228
663 228
663 226
663 226
663 225
663 224
663 223
663 222
663 222
662 221
662 220
662 220
662 219
662 218
662 217
662 216
662 215
662 214
662 214
662 213
662 212
662 211
662 210
662 209
662 208
662 207
662 206
662 204
662 204
662 203
662 202
662 201
662 200
662 197
662 196
662 195
662 194
662 192
662 191
662 190
662 189
662 188
662 187
662 186
661 185
661 184
661 184
661 183
661 182
661 182
661 181
661 180
661 180
661 179
661 178
661 177
661 176
662 176
662 175
662 174
662 174
662 172
662 172
662 171
662 170
662 169
662 168
662 167
662 166
662 166
662 165
662 164
662 164
662 163
662 162
662 161
662 160
662 160
662 159
662 158
662 158
662 156
662 156
662 155
662 154
662 153
662 152
662 152
662 151
661 150
661 150
661 149
661 148
661 148
661 147
661 146
661 145
661 144
661 144
661 143
661 142
661 142
661 140
661 140
661 139
661 138
661 137
661 136
661 135
661 134
661 134
661 132
661 132
661 131
661 130
661 130
661 128
661 128
661 127
661 126
661 126
661 124
661 124
660 123
660 122
660 122
660 121
660 120
660 119
660 118
660 118
660 117
660 116
660 116
660 115
660 114
660 113
660 112
660 111
660 110
661 110
661 108
661 108
661 107
661 106
661 105
661 104
661 104
661 103
661 102
661 102
661 100
661 100
662 99
662 98
662 98
662 97
662 96
662 95
662 94
662 94
662 92
662 92
662 91
662 90
662 90
662 89
662 88
662 88
662 87
662 86
662 86
662 84
662 84
663 83
663 82
663 82
663 81
663 80
663 80
663 79
663 78
663 78
663 77
663 76
663 76
664 75
664 74
664 73
664 72
664 72
664 68
664 67
664 66
664 66
664 65
664 64
664 63
664 62
664 62
664 60
665 60
666 59
666 58
666 58
666 57
666 56
667 56
667 56
667 55
668 54
668 54
668 53
668 52
669 52
669 51
670 51
670 50
670 50
670 50
671 49
672 49
672 48
672 48
673 48
674 48
674 48
675 48
676 48
676 49
677 49
677 50
678 50
678 50
679 50
679 51
680 51
680 52
680 52
680 52
680 53
680 54
681 54
682 54
682 55
682 55
682 56
682 56
682 57
683 57
683 58
683 58
683 59
683 60
683 60
683 62
684 62
684 63
684 64
684 64
684 65
684 66
685 67
685 68
685 68
685 70
685 71
685 72
686 72
686 73
686 74
686 75
686 76
686 78
686 79
687 80
687 81
687 82
687 83
688 84
688 84
688 86
688 86
688 87
688 88
688 88
688 89
688 90
688 90
688 91
688 92
688 92
688 94
688 94
688 95
688 96
688 97
688 98
688 98
688 99
688 100
688 100
688 101
688 102
688 102
688 103
688 104
688 104
688 105
688 106
688 107
688 108
688 108
688 110
688 110
688 111
688 112
688 112
688 113
688 114
688 115
688 116
688 116
688 117
688 118
688 118
688 119
688 120
688 122
688 124
688 124
688 126
687 127
687 128
687 129
687 130
687 130
688 134
688 134
688 135
687 138
687 139
687 140
687 140
687 142
687 142
687 143
687 144
687 145
687 146
687 147
687 148
687 148
687 149
687 150
687 150
687 151
687 152
687 153
687 154
687 155
687 156
687 156
687 157
687 158
687 159
687 160
687 161
687 162
687 163
687 164
687 164
687 166
687 166
687 167
687 168
687 168
687 169
687 170
687 171
687 172
687 172
687 173
687 174
687 174
687 175
687 176
687 177
687 178
687 178
687 179
687 180
687 180
687 181
687 182
687 182
687 183
687 184
687 184
687 185
687 186
687 186
687 187
687 188
687 188
686 190
686 190
686 191
686 192
686 192
686 193
686 194
686 195
687 196
687 196
687 197
687 198
687 198
687 199
687 200
688 200
688 201
688 202
688 202
688 203
688 204
688 204
688 205
688 206
688 206
688 207
688 208
688 209
688 210
688 211
688 212
688 212
688 213
688 214
688 214
688 215
688 216
688 216
688 217
688 218
688 218
688 219
687 220
687 222
687 222
687 223
687 224
687 225
687 226
686 226
686 227
686 228
686 228
687 230
687 230
687 231
687 232
687 232
687 233
687 234
687 234
687 235
687 236
686 236
686 237
686 238
686 238
686 239
686 240
686 240
686 241
686 242
686 243
686 244
686 244
686 246
686 246
686 247
686 248
686 248
686 249
686 250
686 251
686 252
686 252
686 253
686 256
686 257
686 258
686 260
686 260
686 262
687 262
687 263
687 264
687 264
687 265
687 266
687 267
688 268
688 270
688 270
688 271
688 272
688 272
688 273
688 274
688 275
688 276
688 276
688 278
688 278
688 279
688 280
688 280
688 281
688 282
688 282
688 283
688 284
688 284
688 286
688 286
688 287
688 288
688 289
688 290
688 291
687 292
687 292
687 294
687 294
687 295
687 296
687 297
687 298
687 299
687 300
686 302
686 302
686 303
686 304
686 305
686 306
686 306
686 307
686 309
686 310
686 311
686 312
686 312
687 313
687 314
687 316
687 316
687 318
687 318
687 319
687 320
687 321
687 322
687 322
687 324
687 325
687 326
687 327
686 328
686 328
686 329
686 330
686 330
686 331
686 332
686 332
686 334
686 334
686 335
686 336
686 337
686 338
686 338
686 340
686 340
685 342
685 342
685 343
685 344
685 345
685 346
685 347
685 348
685 348
685 349
685 350
685 350
685 351
685 352
685 353
685 354
685 355
685 356
685 356
686 358
686 359
686 360
686 360
686 361
686 362
686 363
686 364
686 364
686 365
686 367
686 369
686 370
686 370
686 371
685 372
685 372
685 374
685 375
685 376
685 377
685 378
685 378
685 379
685 380
685 380
685 381
685 382
685 382
685 383
685 384
685 384
685 385
685 386
685 386
685 388
685 388
685 390
685 391
685 394
685 394
685 395
685 396
685 396
685 397
685 398
685 398
685 399
685 400
685 401
685 402
685 403
685 404
685 405
685 406
685 407
685 408
685 409
685 410
685 410
685 412
685 413
685 414
684 415
684 416
684 417
684 418
684 419
684 420
684 421
684 422
684 423
684 424
684 425
684 426
685 426
685 427
685 428
685 428
685 429
685 430
685 430
685 431
685 432
685 433
685 434
685 435
685 436
685 436
685 438
685 438
685 440
685 440
685 442
685 442
685 443
685 444
685 444
684 446
684 446
684 447
684 448
684 448
684 449
684 450
684 451
684 452
684 452
684 454
684 454
684 455
684 456
684 458
684 458
684 460
684 460
684 462
684 462
684 463
684 464
684 465
684 466
684 467
683 468
683 468
683 470
683 470
683 471
683 472
683 473
683 474
683 475
683 476
683 476
683 477
683 478
683 479
683 480
683 480
683 481
683 482
682 483
682 484
682 484
682 486
682 486
682 488
682 488
682 489
682 490
682 491
682 492
682 492
682 494
682 494
682 495
682 496
682 497
682 498
682 499
682 500
682 500
682 501
682 502
682 502
682 503
682 504
682 505
682 506
682 506
682 507
682 508
682 508
682 510
682 510
682 511
682 512
682 513
682 514
682 514
682 515
682 516
682 516
682 517
682 518
682 518
682 519
682 520
682 521
682 522
682 523
682 524
682 525
682 526
682 527
682 528
682 529
682 530
682 531
682 532
682 532
682 533
682 534
682 534
682 535
682 536
682 536
681 536
681 537
681 538
681 539
681 540
681 540
681 542
681 542
681 544
681 544
681 545
681 546
681 548
681 548
681 549
681 550
681 550
681 551
681 552
681 552
681 553
681 554
681 555
681 556
681 556
681 557
681 558
681 558
681 559
681 560
681 561
681 562
681 562
681 563
681 564
681 565
681 566
681 566
681 567
681 568
681 569
681 570
681 571
681 572
681 572
681 574
681 574
681 575
680 576
680 577
680 578
680 579
680 580
680 581
680 582
680 583
680 584
680 585
680 586
680 587
680 588
680 590
680 590
681 592
681 593
681 596
681 596
681 598
681 598
680 601
680 602
680 604
680 604
680 606
680 607
680 608
680 609
680 610
680 612
680 612
680 614
680 614
680 616
680 617
680 618
680 619
680 620
680 621
680 622
680 623
680 624
680 625
680 626
680 627
680 628
680 628
680 630
679 630
679 631
679 632
679 633
679 634
679 635
679 636
679 636
679 638
679 638
679 641
679 642
679 644
679 644
679 646
679 647
679 648
679 650
679 652
679 652
679 654
679 656
679 657
679 658
679 659
679 660
679 660
679 662
679 662
679 663
679 665
679 666
679 667
679 668
679 670
679 670
679 672
679 673
679 674
679 675
679 676
679 678
678 678
678 680
678 681
678 682
678 684
678 684
678 686
678 687
678 689
678 690
678 691
678 692
678 693
678 694
678 695
678 696
678 697
678 700
678 700
678 702
678 703
678 704
678 705
678 706
678 707
678 708
678 710
678 711
678 712
678 716
678 718
678 719
678 721
678 722
678 723
678 724
678 726
678 726
678 727
678 728
678 730
678 731
678 732
678 734
678 735
678 736
678 738
678 739
678 740
678 740
678 742
678 742
678 743
678 745
678 746
678 748
678 749
678 750
678 752
678 753
678 755
678 756
678 757
678 758
678 758
678 760
678 761
678 762
678 763
678 764
678 766
678 767
678 768
678 771
678 772
678 772
678 774
678 774
678 776
678 776
678 778
678 779
678 780
678 781
678 782
678 784
678 786
678 787
678 788
678 790
678 791
678 792
678 793
678 794
678 795
678 796
678 798
678 799
678 800
678 803
678 804
678 806
678 807
678 808
678 810
678 811
678 814
678 816
677 817
677 820
677 822
677 824
677 826
677 827
677 830
677 831
677 833
677 834
677 836
677 838
677 838
676 840
676 842
676 843
676 844
676 846
676 847
676 848
676 850
676 852
676 853
676 854
676 856
676 857
676 858
676 859
676 860
676 862
676 863
676 864
676 866
675 867
675 868
675 870
675 871
675 873
675 874
675 876
675 876
675 878
675 879
675 880
675 882
675 883
675 885
675 886
675 887
674 888
674 890
674 890
674 892
674 892
674 894
674 896
674 897
674 898
674 899
674 900
674 902
674 902
674 904
674 905
674 906
674 907
674 908
674 908
674 920
674 923
674 924
674 924
